178
90
181
64
80
142
132
173
41
93
128
156
136
75
23
66
148
158
14
4
77
187
153
139
5
132
100
67
31
116
170
127
99
91
46
129
174
34
11
141
132
60
160
153
6
67
32
48
115
88
113
82
141
143
120
96
103
97
130
160
14
37
39
20
90
118
112
28
198
96
195
198
13
13
93
40
196
106
92
55
36
164
46
173
38
34
189
129
74
193
122
47
180
93
166
18
94
95
129
32
169
102
17
64
25
128
119
119
178
141
148
180
36
104
16
133
119
28
93
133
95
98
90
127
10
35
104
141
33
115
118
178
16
41
84
101
127
186
54
180
58
131
123
168
175
96
75
44
167
132
12
101
116
116
49
155
4
189
11
113
154
190
30
96
99
161
53
172
115
152
125
132
184
43
0
35
125
173
129
41
128
77
28
0
170
154
66
139
0
83
11
187
155
70
130
102
188
44
17
42
184
126
67
157
19
170
102
165
75
154
190
122
