
--My Old Weights--
Behavior Neural Net:  0.620620429339176, -0.675313531269931, 0.374237622774317, 0.039429576620194, 0.673724325221835, 0.369652369697416, -0.173179577651052, -0.49865862796952, -0.295522847816126, 0.893397649700473, -0.115120830533617, -0.600350778363808, -0.351238631341252, 0.473895359539378, 0.0974153453006481, -0.482270283383443, -0.568497380040818, -0.299383356840994, -0.612703340879038, 0.115402766091471, 0.124777897784849, -0.232786250874766, 0.43120213850923, -0.660869107423755, 0.342508564396998, 0.336184403549966, 0.782167122597884, 0.878939660209669, -0.695567956983842, -0.30987829962274, -0.267135284499794, 0.0120845153052753, -0.375642397150231, -0.755042096485869, -0.670964083481098, 0.830106235961479, 0.567999579742551, -0.535321851044577, 0.995542382819365, -0.57600440996513, 0.0622197608753199, -0.760266548842316, -0.793370006509763, -0.593535123203665, -0.628588308407268, -0.735480481635537, 0.320599928181898, 0.299965373845755, -0.188985517802176, -0.0978179718823256, 0.529433966395182, 0.53774288647703, 0.827448070900258, -0.960786374267557, -0.963911369426135, -0.146593319786057, -0.106515669779161, 
Avoid Rule:  -1, 0, -0.966666666666667, 0, -0.933333333333333, 0, -0.9, 0, -0.866666666666667, 0, -0.833333333333333, 0, -0.8, 0, -0.766666666666667, 0, -0.733333333333333, 0, -0.7, 0, -0.666666666666667, 0, -0.633333333333333, 0, -0.6, 0, -0.566666666666667, 0, -0.533333333333333, 0, -0.5, 0, -0.466666666666667, 0, -0.433333333333333, 0, -0.4, 0, -0.366666666666667, 0, -0.333333333333333, 0, -0.3, 0, -0.266666666666667, 0, -0.233333333333333, 0, -0.2, 0, -0.166666666666667, 0, -0.133333333333333, 0, -0.1, 0, -0.0666666666666667, 0, -0.0333333333333333, 0, 0, 0, -1, 0, -1, 0, -1, 0, -1, 0, -1, 0, -1, 0, -1, 0, -1, 0, -1, 0, -1, 0, -1, 0, -1, 0, -1, 0, -1, 0, -1, 0, -1, 0, -1, 0, -1, 0, -1, 0, -1, 0, -1, 0, -1, 0, -1, 0, -1, 0, -1, 0, -1, 0, -1, 0, -1, 0, -1, 0, -1, 0, 
Steer Rule:  1, 0, 0.933333333333333, 0, 0.866666666666667, 0, 0.8, 0, 0.733333333333333, 0, 0.666666666666667, 0, 0.6, 0, 0.533333333333333, 0, 0.466666666666667, 0, 0.4, 0, 0.333333333333333, 0, 0.266666666666667, 0, 0.2, 0, 0.133333333333333, 0, 0.0666666666666667, 0, 0, 0, 1, 0, 1, 0, 1, 0, 1, 0, 1, 0, 1, 0, 1, 0, 1, 0, 1, 0, 1, 0, 1, 0, 1, 0, 1, 0, 1, 0, 1, 0, 
Align Rule:  1, 0, 0.933333333333333, 0, 0.866666666666667, 0, 0.8, 0, 0.733333333333333, 0, 0.666666666666667, 0, 0.6, 0, 0.533333333333333, 0, 0.466666666666667, 0, 0.4, 0, 0.333333333333333, 0, 0.266666666666667, 0, 0.2, 0, 0.133333333333333, 0, 0.0666666666666667, 0, 0, 0, 1, 0, 1, 0, 1, 0, 1, 0, 1, 0, 1, 0, 1, 0, 1, 0, 1, 0, 1, 0, 1, 0, 1, 0, 1, 0, 1, 0, 1, 0, 
Goal Rule:  1, 0, 1, 0, 0, 1, 1, 0, 

--My New Weights--
Behavior Neural Net:  0.620620429339176, -0.675313531269931, 0.374237622774317, 0.039429576620194, 0.673724325221835, 0.369652369697416, -0.173179577651052, -0.49865862796952, -0.295522847816126, 0.893397649700473, -0.115120830533617, -0.600350778363808, -0.351238631341252, 0.473895359539378, 0.0974153453006481, -0.482270283383443, -0.568497380040818, -0.299383356840994, -0.612703340879038, 0.115402766091471, 0.124777897784849, -0.232786250874766, 0.43120213850923, -0.660869107423755, 0.342508564396998, 0.336184403549966, 0.782167122597884, 0.878939660209669, -0.695567956983842, -0.30987829962274, -0.267135284499794, 0.0120845153052753, -0.375642397150231, -0.755042096485869, -0.670964083481098, 0.830106235961479, 0.567999579742551, -0.535321851044577, 0.995542382819365, -0.57600440996513, 0.0622197608753199, -0.760266548842316, -0.793370006509763, -0.593535123203665, -0.628588308407268, -0.735480481635537, 0.320599928181898, 0.299965373845755, -0.188985517802176, -0.0978179718823256, 0.529433966395182, 0.53774288647703, 0.827448070900258, -0.960786374267557, -0.963911369426135, -0.146593319786057, -0.106515669779161, 
Avoid Rule:  -1, 0, -0.966666666666667, 0, -0.933333333333333, 0, -0.9, 0, -0.866666666666667, 0, -0.833333333333333, 0, -0.8, 0, -0.766666666666667, 0, -0.733333333333333, 0, -0.7, 0, -0.666666666666667, 0, -0.633333333333333, 0, -0.6, 0, -0.566666666666667, 0, -0.533333333333333, 0, -0.5, 0, -0.466666666666667, 0, -0.433333333333333, 0, -0.4, 0, -0.366666666666667, 0, -0.333333333333333, 0, -0.3, 0, -0.266666666666667, 0, -0.233333333333333, 0, -0.2, 0, -0.166666666666667, 0, -0.133333333333333, 0, -0.1, 0, -0.0666666666666667, 0, -0.0333333333333333, 0, 0, 0, -1, 0, -1, 0, -1, 0, -1, 0, -1, 0, -1, 0, -1, 0, -1, 0, -1, 0, -1, 0, -1, 0, -1, 0, -1, 0, -1, 0, -1, 0, -1, 0, -1, 0, -1, 0, -1, 0, -1, 0, -1, 0, -1, 0, -1, 0, -1, 0, -1, 0, -1, 0, -1, 0, -1, 0, -1, 0, -1, 0, 
Steer Rule:  1, 0, 0.933333333333333, 0, 0.866666666666667, 0, 0.8, 0, 0.733333333333333, 0, 0.666666666666667, 0, 0.6, 0, 0.533333333333333, 0, 0.466666666666667, 0, 0.4, 0, 0.333333333333333, 0, 0.266666666666667, 0, 0.2, 0, 0.133333333333333, 0, 0.0666666666666667, 0, 0, 0, 1, 0, 1, 0, 1, 0, 1, 0, 1, 0, 1, 0, 1, 0, 1, 0, 1, 0, 1, 0, 1, 0, 1, 0, 1, 0, 1, 0, 1, 0, 
Align Rule:  1, 0, 0.933333333333333, 0, 0.866666666666667, 0, 0.8, 0, 0.733333333333333,
0, 0.666666666666667, 0, 0.6, 0, 0.533333333333333, 0, 0.466666666666667, 0, 0.4, 0, 0.333333333333333, 0, 0.266666666666667, 0, 0.2, 0, 0.133333333333333, 0, 0.0666666666666667, 0, 0, 0, 1, 0, 1, 0, 1, 0, 1, 0, 1, 0, 1, 0, 1, 0, 1, 0, 1, 0, 1, 0, 1, 0, 1, 0, 1, 0, 1, 0, 1, 0, 
Goal Rule:  1, 0, 1, 0, 0, 1, 1, 0, 

--My Old Weights--
Behavior Neural Net:  0.620620429339176, -0.675313531269931, 0.374237622774317, 0.039429576620194, 0.673724325221835, 0.369652369697416, -0.173179577651052, -0.49865862796952, -0.295522847816126, 0.893397649700473, -0.115120830533617, -0.600350778363808, -0.351238631341252, 0.473895359539378, 0.0974153453006481, -0.482270283383443, -0.568497380040818, -0.299383356840994, -0.612703340879038, 0.115402766091471, 0.124777897784849, -0.232786250874766, 0.43120213850923, -0.660869107423755, 0.342508564396998, 0.336184403549966, 0.782167122597884, 0.878939660209669, -0.695567956983842, -0.30987829962274, -0.267135284499794, 0.0120845153052753, -0.375642397150231, -0.755042096485869, -0.670964083481098, 0.830106235961479, 0.567999579742551, -0.535321851044577, 0.995542382819365, -0.57600440996513, 0.0622197608753199, -0.760266548842316, -0.793370006509763, -0.593535123203665, -0.628588308407268, -0.735480481635537, 0.320599928181898, 0.299965373845755, -0.188985517802176, -0.0978179718823256, 0.529433966395182, 0.53774288647703, 0.827448070900258, -0.960786374267557, -0.963911369426135, -0.146593319786057, -0.106515669779161, 
Avoid Rule:  -1, 0, -0.966666666666667, 0, -0.933333333333333, 0, -0.9, 0, -0.866666666666667, 0, -0.833333333333333, 0, -0.8, 0, -0.766666666666667, 0, -0.733333333333333, 0, -0.7, 0, -0.666666666666667, 0, -0.633333333333333, 0, -0.6, 0, -0.566666666666667, 0, -0.533333333333333, 0, -0.5, 0, -0.466666666666667, 0, -0.433333333333333, 0, -0.4, 0, -0.366666666666667, 0, -0.333333333333333, 0, -0.3, 0, -0.266666666666667, 0, -0.233333333333333, 0, -0.2, 0, -0.166666666666667, 0, -0.133333333333333, 0, -0.1, 0, -0.0666666666666667, 0, -0.0333333333333333, 0, 0, 0, -1, 0, -1, 0, -1, 0, -1, 0, -1, 0, -1, 0, -1, 0, -1, 0, -1, 0, -1, 0, -1, 0, -1, 0, -1, 0, -1, 0, -1, 0, -1, 0, -1, 0, -1, 0, -1, 0, -1, 0, -1, 0, -1, 0, -1, 0, -1, 0, -1, 0, -1, 0, -1, 0, -1, 0, -1, 0, -1, 0, 
Steer Rule:  1, 0, 0.933333333333333, 0, 0.866666666666667, 0, 0.8, 0, 0.733333333333333, 0, 0.666666666666667, 0, 0.6, 0, 0.533333333333333, 0, 0.466666666666667, 0, 0.4, 0, 0.333333333333333, 0, 0.266666666666667, 0, 0.2, 0, 0.133333333333333, 0, 0.0666666666666667, 0, 0, 0, 1, 0, 1, 0, 1, 0, 1, 0, 1, 0, 1, 0, 1, 0, 1, 0, 1, 0, 1, 0, 1, 0, 1, 0, 1, 0, 1, 0, 1, 0, 
Align Rule:  1, 0, 0.933333333333333, 0, 0.866666666666667, 0, 0.8, 0, 0.733333333333333, 0, 0.666666666666667, 0, 0.6, 0, 0.533333333333333, 0, 0.466666666666667, 0, 0.4, 0, 0.333333333333333, 0, 0.266666666666667, 0, 0.2, 0, 0.133333333333333, 0, 0.0666666666666667, 0, 0, 0, 1, 0, 1, 0, 1, 0, 1, 0, 1, 0, 1, 0, 1, 0, 1, 0, 1, 0, 1, 0, 1, 0, 1, 0, 1, 0, 1, 0, 1, 0, 
Goal Rule:  1, 0, 1, 0, 0, 1, 1, 0, 

--My New Weights--
Behavior Neural Net:  0.620620429339176, -0.675313531269931, 0.374237622774317, 0.039429576620194, 0.673724325221835, 0.369652369697416, -0.173179577651052, -0.49865862796952, -0.295522847816126, 0.893397649700473, -0.115120830533617, -0.600350778363808, -0.351238631341252, 0.473895359539378, 0.0974153453006481, -0.482270283383443, -0.568497380040818, -0.299383356840994, -0.612703340879038, 0.115402766091471, 0.124777897784849, -0.232786250874766, 0.43120213850923, -0.660869107423755, 0.342508564396998, 0.336184403549966, 0.782167122597884, 0.878939660209669, -0.695567956983842, -0.30987829962274, -0.267135284499794, 0.0120845153052753, -0.375642397150231, -0.755042096485869, -0.670964083481098, 0.830106235961479, 0.567999579742551, -0.535321851044577, 0.995542382819365, -0.57600440996513, 0.0622197608753199, -0.760266548842316, -0.793370006509763, -0.593535123203665, -0.628588308407268, -0.735480481635537, 0.320599928181898, 0.299965373845755, -0.188985517802176, -0.0978179718823256, 0.529433966395182, 0.53774288647703, 0.827448070900258, -0.960786374267557, -0.963911369426135, -0.146593319786057, -0.106515669779161, 
Avoid Rule:  -1, 0, -0.966666666666667, 0, -0.933333333333333, 0, -0.9, 0, -0.866666666666667, 0, -0.833333333333333, 0, -0.8, 0, -0.766666666666667, 0, -0.733333333333333, 0, -0.7, 0, -0.666666666666667, 0, -0.633333333333333, 0, -0.6, 0, -0.566666666666667, 0, -0.533333333333333, 0, -0.5, 0, -0.466666666666667, 0, -0.433333333333333, 0, -0.4, 0, -0.366666666666667, 0, -0.333333333333333, 0, -0.3, 0, -0.266666666666667, 0, -0.233333333333333, 0, -0.2, 0, -0.166666666666667, 0, -0.133333333333333, 0, -0.1, 0, -0.0666666666666667, 0, -0.0333333333333333, 0, 0, 0, -1, 0, -1, 0, -1, 0, -1, 0, -1, 0, -1, 0, -1, 0, -1, 0, -1, 0, -1, 0, -1, 0, -1, 0, -1, 0, -1, 0, -1, 0, -1, 0, -1, 0, -1, 0, -1, 0, -1, 0, -1, 0, -1, 0, -1, 0, -1, 0, -1, 0, -1, 0, -1, 0, -1, 0, -1, 0, -1, 0, 
Steer Rule:  1, 0, 0.933333333333333, 0, 0.866666666666667, 0, 0.8, 0, 0.733333333333333, 0, 0.666666666666667, 0, 0.6, 0, 0.533333333333333, 0, 0.466666666666667, 0, 0.4, 0, 0.333333333333333, 0, 0.266666666666667, 0, 0.2, 0, 0.133333333333333, 0, 0.0666666666666667, 0, 0, 0, 1, 0, 1, 0, 1, 0, 1, 0, 1, 0, 1, 0, 1, 0, 1, 0, 1, 0, 1, 0, 1, 0, 1, 0, 1, 0, 1, 0, 1, 0, 
Align Rule:  1, 0, 0.933333333333333, 0, 0.866666666666667, 0, 0.8, 0, 0.733333333333333, 0, 0.666666666666667, 0, 0.6, 0, 0.533333333333333, 0, 0.466666666666667, 0, 0.4, 0, 0.333333333333333, 0, 0.266666666666667, 0, 0.2, 0, 0.133333333333333, 0, 0.0666666666666667, 0, 0, 0, 1, 0, 1, 0, 1, 0, 1, 0, 1, 0, 1, 0, 1, 0, 1, 0, 1, 0, 1, 0, 1, 0, 1, 0, 1, 0, 1, 0, 1, 0, 
Goal Rule:  1, 0, 1, 0, 0, 1, 1, 0, 

--My Old Weights--
Behavior Neural Net:  0.620620429339176, -0.675313531269931, 0.374237622774317, 0.039429576620194, 0.673724325221835, 0.369652369697416, -0.173179577651052, -0.49865862796952, -0.295522847816126, 0.893397649700473, -0.115120830533617, -0.600350778363808, -0.351238631341252, 0.473895359539378, 0.0974153453006481, -0.482270283383443, -0.568497380040818, -0.299383356840994, -0.612703340879038, 0.115402766091471, 0.124777897784849, -0.232786250874766, 0.43120213850923, -0.660869107423755, 0.342508564396998, 0.336184403549966, 0.782167122597884, 0.878939660209669, -0.695567956983842, -0.30987829962274, -0.267135284499794, 0.0120845153052753, -0.375642397150231, -0.755042096485869, -0.670964083481098, 0.830106235961479, 0.567999579742551, -0.535321851044577, 0.995542382819365, -0.57600440996513, 0.0622197608753199, -0.760266548842316, -0.793370006509763, -0.593535123203665, -0.628588308407268, -0.735480481635537, 0.320599928181898, 0.299965373845755, -0.188985517802176, -0.0978179718823256, 0.529433966395182, 0.53774288647703, 0.827448070900258, -0.960786374267557, -0.963911369426135, -0.146593319786057, -0.106515669779161, 
Avoid Rule:  -1, 0, -0.966666666666667, 0, -0.933333333333333, 0, -0.9, 0, -0.866666666666667, 0, -0.833333333333333, 0, -0.8, 0, -0.766666666666667, 0, -0.733333333333333, 0, -0.7, 0, -0.666666666666667, 0, -0.633333333333333, 0, -0.6, 0, -0.566666666666667, 0, -0.533333333333333, 0, -0.5, 0, -0.466666666666667, 0, -0.433333333333333, 0, -0.4, 0, -0.366666666666667, 0, -0.333333333333333, 0, -0.3, 0, -0.266666666666667, 0, -0.233333333333333, 0, -0.2, 0, -0.166666666666667, 0, -0.133333333333333, 0, -0.1, 0, -0.0666666666666667, 0, -0.0333333333333333, 0, 0, 0, -1, 0, -1, 0, -1, 0, -1, 0, -1, 0, -1, 0, -1, 0, -1, 0, -1, 0, -1, 0, -1, 0, -1, 0, -1, 0, -1, 0, -1, 0, -1, 0, -1, 0, -1, 0, -1, 0, -1, 0, -1, 0, -1, 0, -1, 0, -1, 0, -1, 0, -1, 0, -1, 0, -1, 0, -1, 0, -1, 0, 
Steer Rule:  1, 0, 0.933333333333333, 0, 0.866666666666667, 0, 0.8, 0, 0.733333333333333, 0, 0.666666666666667, 0, 0.6, 0, 0.533333333333333, 0, 0.466666666666667, 0, 0.4, 0, 0.333333333333333, 0, 0.266666666666667, 0, 0.2, 0, 0.133333333333333, 0, 0.0666666666666667, 0, 0, 0, 1, 0, 1, 0, 1, 0, 1, 0, 1, 0, 1, 0, 1, 0, 1, 0, 1, 0, 1, 0, 1, 0, 1, 0, 1, 0, 1, 0, 1, 0, 
Align Rule:  1, 0, 0.933333333333333, 0, 0.866666666666667, 0, 0.8, 0, 0.733333333333333, 0, 0.666666666666667, 0, 0.6, 0, 0.533333333333333, 0, 0.466666666666667, 0, 0.4, 0, 0.333333333333333, 0, 0.266666666666667, 0, 0.2, 0, 0.133333333333333, 0, 0.0666666666666667, 0, 0, 0, 1, 0, 1, 0, 1, 0, 1, 0, 1, 0, 1, 0, 1, 0, 1, 0, 1, 0, 1, 0, 1, 0, 1, 0, 1, 0, 1, 0, 1, 0, 
Goal Rule:  1, 0, 1, 0, 0, 1, 1, 0, 

--My New Weights--
Behavior Neural Net:  0.620620429339176, -0.675313531269931, 0.374237622774317, 0.039429576620194, 0.673724325221835, 0.369652369697416, -0.173179577651052, -0.49865862796952, -0.295522847816126, 0.893397649700473, -0.115120830533617, -0.600350778363808, -0.351238631341252, 0.473895359539378, 0.0974153453006481, -0.482270283383443, -0.568497380040818, -0.299383356840994, -0.612703340879038, 0.115402766091471, 0.124777897784849, -0.232786250874766, 0.43120213850923, -0.660869107423755, 0.342508564396998, 0.336184403549966, 0.782167122597884, 0.878939660209669, -0.695567956983842, -0.30987829962274, -0.267135284499794, 0.0120845153052753, -0.375642397150231, -0.755042096485869, -0.670964083481098, 0.830106235961479, 0.567999579742551, -0.535321851044577, 0.995542382819365, -0.57600440996513, 0.0622197608753199, -0.760266548842316, -0.793370006509763, -0.593535123203665, -0.628588308407268, -0.735480481635537, 0.320599928181898, 0.299965373845755, -0.188985517802176, -0.0978179718823256, 0.529433966395182, 0.53774288647703, 0.827448070900258, -0.960786374267557, -0.963911369426135, -0.146593319786057, -0.106515669779161, 
Avoid Rule:  -1, 0, -0.966666666666667, 0, -0.933333333333333, 0, -0.9, 0, -0.866666666666667, 0, -0.833333333333333, 0, -0.8, 0, -0.766666666666667, 0, -0.733333333333333, 0, -0.7, 0, -0.666666666666667, 0, -0.633333333333333, 0, -0.6, 0, -0.566666666666667, 0, -0.533333333333333, 0, -0.5, 0, -0.466666666666667, 0, -0.433333333333333, 0, -0.4, 0, -0.366666666666667, 0, -0.333333333333333, 0, -0.3, 0, -0.266666666666667, 0, -0.233333333333333, 0, -0.2, 0, -0.166666666666667, 0, -0.133333333333333, 0, -0.1, 0, -0.0666666666666667, 0, -0.0333333333333333, 0, 0, 0, -1, 0, -1, 0, -1, 0, -1, 0, -1, 0, -1, 0, -1, 0, -1, 0, -1, 0, -1, 0, -1, 0, -1, 0, -1, 0, -1, 0, -1, 0, -1, 0, -1, 0, -1, 0, -1, 0, -1, 0, -1, 0, -1, 0, -1, 0, -1, 0, -1, 0, -1, 0, -1, 0, -1, 0, -1, 0, -1, 0, 
Steer Rule:  1, 0, 0.933333333333333, 0, 0.866666666666667, 0, 0.8, 0, 0.733333333333333, 0, 0.666666666666667, 0, 0.6, 0, 0.533333333333333, 0, 0.466666666666667, 0, 0.4, 0, 0.333333333333333, 0, 0.266666666666667, 0, 0.2, 0, 0.133333333333333, 0, 0.0666666666666667, 0, 0, 0, 1, 0, 1, 0, 1, 0, 1, 0, 1, 0, 1, 0, 1, 0, 1, 0, 1, 0, 1, 0, 1, 0, 1, 0, 1, 0, 1, 0, 1, 0, 
Align Rule:  1, 0, 0.933333333333333, 0, 0.866666666666667, 0, 0.8, 0, 0.733333333333333, 0, 0.666666666666667, 0, 0.6, 0, 0.533333333333333, 0, 0.466666666666667, 0, 0.4, 0, 0.333333333333333, 0, 0.266666666666667, 0, 0.2, 0, 0.133333333333333, 0, 0.0666666666666667, 0, 0, 0, 1, 0, 1, 0, 1, 0, 1, 0, 1, 0, 1, 0, 1, 0, 1, 0, 1, 0, 1, 0, 1, 0, 1, 0, 1, 0, 1, 0, 1, 0, 
Goal Rule:  1, 0, 1, 0, 0, 1, 1, 0, 

--My Old Weights--
Behavior Neural Net:  0.620620429339176, -0.675313531269931, 0.374237622774317, 0.039429576620194, 0.673724325221835, 0.369652369697416, -0.173179577651052, -0.49865862796952, -0.295522847816126, 0.893397649700473, -0.115120830533617, -0.600350778363808, -0.351238631341252, 0.473895359539378, 0.0974153453006481, -0.482270283383443, -0.568497380040818, -0.299383356840994, -0.612703340879038, 0.115402766091471, 0.124777897784849, -0.232786250874766, 0.43120213850923, -0.660869107423755, 0.342508564396998, 0.336184403549966, 0.782167122597884, 0.878939660209669, -0.695567956983842, -0.30987829962274, -0.267135284499794, 0.0120845153052753, -0.375642397150231, -0.755042096485869, -0.670964083481098, 0.830106235961479, 0.567999579742551, -0.535321851044577, 0.995542382819365, -0.57600440996513, 0.0622197608753199, -0.760266548842316, -0.793370006509763, -0.593535123203665, -0.628588308407268, -0.735480481635537, 0.320599928181898, 0.299965373845755, -0.188985517802176, -0.0978179718823256, 0.529433966395182, 0.53774288647703, 0.827448070900258, -0.960786374267557, -0.963911369426135, -0.146593319786057, -0.106515669779161, 
Avoid Rule:  -1, 0, -0.966666666666667, 0, -0.933333333333333, 0, -0.9, 0, -0.866666666666667, 0, -0.833333333333333, 0, -0.8, 0, -0.766666666666667, 0, -0.733333333333333, 0, -0.7, 0, -0.666666666666667, 0, -0.633333333333333, 0, -0.6, 0, -0.566666666666667, 0, -0.533333333333333, 0, -0.5, 0, -0.466666666666667, 0, -0.433333333333333, 0, -0.4, 0, -0.366666666666667, 0, -0.333333333333333, 0, -0.3, 0, -0.266666666666667, 0, -0.233333333333333, 0, -0.2, 0, -0.166666666666667, 0, -0.133333333333333, 0, -0.1, 0, -0.0666666666666667, 0, -0.0333333333333333, 0, 0, 0, -1, 0, -1, 0, -1, 0, -1, 0, -1, 0, -1, 0, -1, 0, -1, 0, -1, 0, -1, 0, -1, 0, -1, 0, -1, 0, -1, 0, -1, 0, -1, 0, -1, 0, -1, 0, -1, 0, -1, 0, -1, 0, -1, 0, -1, 0, -1, 0, -1, 0, -1, 0, -1, 0, -1, 0, -1, 0, -1, 0, 
Steer Rule:  1, 0, 0.933333333333333, 0, 0.866666666666667, 0, 0.8, 0, 0.733333333333333, 0, 0.666666666666667, 0, 0.6, 0, 0.533333333333333, 0, 0.466666666666667, 0, 0.4, 0, 0.333333333333333, 0, 0.266666666666667, 0, 0.2, 0, 0.133333333333333, 0, 0.0666666666666667, 0, 0, 0, 1, 0, 1, 0, 1, 0, 1, 0, 1, 0, 1, 0, 1, 0, 1, 0, 1, 0, 1, 0, 1, 0, 1, 0, 1, 0, 1, 0, 1, 0, 
Align Rule:  1, 0, 0.933333333333333, 0, 0.866666666666667, 0, 0.8, 0, 0.733333333333333, 0, 0.666666666666667, 0, 0.6, 0, 0.533333333333333, 0, 0.466666666666667, 0, 0.4, 0, 0.333333333333333, 0, 0.266666666666667, 0, 0.2, 0, 0.133333333333333, 0, 0.0666666666666667, 0, 0, 0, 1, 0, 1, 0, 1, 0, 1, 0, 1, 0, 1, 0, 1, 0, 1, 0, 1, 0, 1, 0, 1, 0, 1, 0, 1, 0, 1, 0, 1, 0, 
Goal Rule:  1, 0, 1, 0, 0, 1, 1, 0, 

--My New Weights--
Behavior Neural Net:  0.620620429339176, -0.675313531269931, 0.374237622774317, 0.039429576620194, 0.673724325221835, 0.369652369697416, -0.173179577651052, -0.49865862796952, -0.295522847816126, 0.893397649700473, -0.115120830533617, -0.600350778363808, -0.351238631341252, 0.473895359539378, 0.0974153453006481, -0.482270283383443, -0.568497380040818, -0.299383356840994, -0.612703340879038, 0.115402766091471, 0.124777897784849, -0.232786250874766, 0.43120213850923, -0.660869107423755, 0.342508564396998, 0.336184403549966, 0.782167122597884, 0.878939660209669, -0.695567956983842, -0.30987829962274, -0.267135284499794, 0.0120845153052753, -0.375642397150231, -0.755042096485869, -0.670964083481098, 0.830106235961479, 0.567999579742551, -0.535321851044577, 0.995542382819365, -0.57600440996513, 0.0622197608753199, -0.760266548842316, -0.793370006509763, -0.593535123203665, -0.628588308407268, -0.735480481635537, 0.320599928181898, 0.299965373845755, -0.188985517802176, -0.0978179718823256, 0.529433966395182, 0.53774288647703, 0.827448070900258, -0.960786374267557, -0.963911369426135, -0.146593319786057, -0.106515669779161, 
Avoid Rule:  -1, 0, -0.966666666666667, 0, -0.933333333333333, 0, -0.9, 0, -0.866666666666667, 0, -0.833333333333333, 0, -0.8, 0, -0.766666666666667, 0, -0.733333333333333, 0, -0.7, 0, -0.666666666666667, 0, -0.633333333333333, 0, -0.6, 0, -0.566666666666667, 0, -0.533333333333333, 0, -0.5, 0, -0.466666666666667, 0, -0.433333333333333, 0, -0.4, 0, -0.366666666666667, 0, -0.333333333333333, 0, -0.3, 0, -0.266666666666667, 0, -0.233333333333333, 0, -0.2, 0, -0.166666666666667, 0, -0.133333333333333, 0, -0.1, 0, -0.0666666666666667, 0, -0.0333333333333333, 0, 0, 0, -1, 0, -1, 0, -1, 0, -1, 0, -1, 0, -1, 0, -1, 0, -1, 0, -1, 0, -1, 0, -1, 0, -1, 0, -1, 0, -1, 0, -1, 0, -1, 0, -1, 0, -1, 0, -1, 0, -1, 0, -1, 0, -1, 0, -1, 0, -1, 0, -1, 0, -1, 0, -1, 0, -1, 0, -1, 0, -1, 0, 
Steer Rule:  1, 0, 0.933333333333333, 0, 0.866666666666667, 0, 0.8, 0, 0.733333333333333, 0, 0.666666666666667, 0, 0.6, 0, 0.533333333333333, 0, 0.466666666666667, 0, 0.4, 0, 0.333333333333333, 0, 0.266666666666667, 0, 0.2, 0, 0.133333333333333, 0, 0.0666666666666667, 0, 0, 0, 1, 0, 1, 0, 1, 0, 1, 0, 1, 0, 1, 0, 1, 0, 1, 0, 1, 0, 1, 0, 1, 0, 1, 0, 1, 0, 1, 0, 1, 0, 
Align Rule:  1, 0, 0.933333333333333, 0, 0.866666666666667, 0, 0.8, 0, 0.733333333333333, 0, 0.666666666666667, 0, 0.6, 0, 0.533333333333333, 0, 0.466666666666667, 0, 0.4, 0, 0.333333333333333, 0, 0.266666666666667, 0, 0.2, 0, 0.133333333333333, 0, 0.0666666666666667, 0, 0, 0, 1, 0, 1, 0, 1, 0, 1, 0, 1, 0, 1, 0, 1, 0, 1, 0, 1, 0, 1, 0, 1, 0, 1, 0, 1, 0, 1, 0, 1, 0, 
Goal Rule:  1, 0, 1, 0, 0, 1, 1, 0, 

--My Old Weights--
Behavior Neural Net:  0.620620429339176, -0.675313531269931, 0.374237622774317, 0.039429576620194, 0.673724325221835, 0.369652369697416, -0.173179577651052, -0.49865862796952, -0.295522847816126, 0.893397649700473, -0.115120830533617, -0.600350778363808, -0.351238631341252, 0.473895359539378, 0.0974153453006481, -0.482270283383443, -0.568497380040818, -0.299383356840994, -0.612703340879038, 0.115402766091471, 0.124777897784849, -0.232786250874766, 0.43120213850923, -0.660869107423755, 0.342508564396998, 0.336184403549966, 0.782167122597884, 0.878939660209669, -0.695567956983842, -0.30987829962274, -0.267135284499794, 0.0120845153052753, -0.375642397150231, -0.755042096485869, -0.670964083481098, 0.830106235961479, 0.567999579742551, -0.535321851044577, 0.995542382819365, -0.57600440996513, 0.0622197608753199, -0.760266548842316, -0.793370006509763, -0.593535123203665, -0.628588308407268, -0.735480481635537, 0.320599928181898, 0.299965373845755, -0.188985517802176, -0.0978179718823256, 0.529433966395182, 0.53774288647703, 0.827448070900258, -0.960786374267557, -0.963911369426135, -0.146593319786057, -0.106515669779161, 
Avoid Rule:  -1, 0, -0.966666666666667, 0, -0.933333333333333, 0, -0.9, 0, -0.866666666666667, 0, -0.833333333333333, 0, -0.8, 0, -0.766666666666667, 0, -0.733333333333333, 0, -0.7, 0, -0.666666666666667, 0, -0.633333333333333, 0, -0.6, 0, -0.566666666666667, 0, -0.533333333333333, 0, -0.5, 0, -0.466666666666667, 0, -0.433333333333333, 0, -0.4, 0, -0.366666666666667, 0, -0.333333333333333, 0, -0.3, 0, -0.266666666666667, 0, -0.233333333333333, 0, -0.2, 0, -0.166666666666667, 0, -0.133333333333333, 0, -0.1, 0, -0.0666666666666667, 0, -0.0333333333333333, 0, 0, 0, -1, 0, -1, 0, -1, 0, -1, 0, -1, 0, -1, 0, -1, 0, -1, 0, -1, 0, -1, 0, -1, 0, -1, 0, -1, 0, -1, 0, -1, 0, -1, 0, -1, 0, -1, 0, -1, 0, -1, 0, -1, 0, -1, 0, -1, 0, -1, 0, -1, 0, -1, 0, -1, 0, -1, 0, -1, 0, -1, 0, 
Steer Rule:  1, 0, 0.933333333333333, 0, 0.866666666666667, 0, 0.8, 0, 0.733333333333333, 0, 0.666666666666667, 0, 0.6, 0, 0.533333333333333, 0, 0.466666666666667, 0, 0.4, 0, 0.333333333333333, 0, 0.266666666666667, 0, 0.2, 0, 0.133333333333333, 0, 0.0666666666666667, 0, 0, 0, 1, 0, 1, 0, 1, 0, 1, 0, 1, 0, 1, 0, 1, 0, 1, 0, 1, 0, 1, 0, 1, 0, 1, 0, 1, 0, 1, 0, 1, 0, 
Align Rule:  1, 0, 0.933333333333333, 0, 0.866666666666667, 0, 0.8, 0, 0.733333333333333, 0, 0.666666666666667, 0, 0.6, 0, 0.533333333333333, 0, 0.466666666666667, 0, 0.4, 0, 0.333333333333333, 0, 0.266666666666667, 0, 0.2, 0, 0.133333333333333, 0, 0.0666666666666667, 0, 0, 0, 1, 0, 1, 0, 1, 0, 1, 0, 1, 0, 1, 0, 1, 0, 1, 0, 1, 0, 1, 0, 1, 0, 1, 0, 1, 0, 1, 0, 1, 0, 
Goal Rule:  1, 0, 1, 0, 0, 1, 1, 0, 

--My New Weights--
Behavior Neural Net:  0.620620429339176, -0.675313531269931, 0.374237622774317, 0.039429576620194, 0.673724325221835, 0.369652369697416, -0.173179577651052, -0.49865862796952, -0.295522847816126, 0.893397649700473, -0.115120830533617, -0.600350778363808, -0.351238631341252, 0.473895359539378, 0.0974153453006481, -0.482270283383443, -0.568497380040818, -0.299383356840994, -0.612703340879038, 0.115402766091471, 0.124777897784849, -0.232786250874766, 0.43120213850923, -0.660869107423755, 0.342508564396998, 0.336184403549966, 0.782167122597884, 0.878939660209669, -0.695567956983842, -0.30987829962274, -0.267135284499794, 0.0120845153052753, -0.375642397150231, -0.755042096485869, -0.670964083481098, 0.830106235961479, 0.567999579742551, -0.535321851044577, 0.995542382819365, -0.57600440996513, 0.0622197608753199, -0.760266548842316, -0.793370006509763, -0.593535123203665, -0.628588308407268, -0.735480481635537, 0.320599928181898, 0.299965373845755, -0.188985517802176, -0.0978179718823256, 0.529433966395182, 0.53774288647703, 0.827448070900258, -0.960786374267557, -0.963911369426135, -0.146593319786057, -0.106515669779161, 
Avoid Rule:  -1, 0, -0.966666666666667, 0, -0.933333333333333, 0, -0.9, 0, -0.866666666666667, 0, -0.833333333333333, 0, -0.8, 0, -0.766666666666667, 0, -0.733333333333333, 0, -0.7, 0, -0.666666666666667, 0, -0.633333333333333, 0, -0.6, 0, -0.566666666666667, 0, -0.533333333333333, 0, -0.5, 0, -0.466666666666667, 0, -0.433333333333333, 0, -0.4, 0, -0.366666666666667, 0, -0.333333333333333, 0, -0.3, 0, -0.266666666666667, 0, -0.233333333333333, 0, -0.2, 0, -0.166666666666667, 0, -0.133333333333333, 0, -0.1, 0, -0.0666666666666667, 0, -0.0333333333333333, 0, 0, 0, -1, 0, -1, 0, -1, 0, -1, 0, -1, 0, -1, 0, -1, 0, -1, 0, -1, 0, -1, 0, -1, 0, -1, 0, -1, 0, -1, 0, -1, 0, -1, 0, -1, 0, -1, 0, -1, 0, -1, 0, -1, 0, -1, 0, -1, 0, -1, 0, -1, 0, -1, 0, -1, 0, -1, 0, -1, 0, -1, 0, 
Steer Rule:  1, 0, 0.933333333333333, 0, 0.866666666666667, 0, 0.8, 0, 0.733333333333333, 0, 0.666666666666667, 0, 0.6, 0, 0.533333333333333, 0, 0.466666666666667, 0, 0.4, 0, 0.333333333333333, 0, 0.266666666666667, 0, 0.2, 0, 0.133333333333333, 0, 0.0666666666666667, 0, 0, 0, 1, 0, 1, 0, 1, 0, 1, 0, 1, 0, 1, 0, 1, 0, 1, 0, 1, 0, 1, 0, 1, 0, 1, 0, 1, 0, 1, 0, 1, 0, 
Align Rule:  1, 0, 0.933333333333333, 0, 0.866666666666667, 0, 0.8, 0, 0.733333333333333, 0, 0.666666666666667, 0, 0.6, 0, 0.533333333333333, 0, 0.466666666666667, 0, 0.4, 0, 0.333333333333333, 0, 0.266666666666667, 0, 0.2, 0, 0.133333333333333, 0, 0.0666666666666667, 0, 0, 0, 1, 0, 1, 0, 1, 0, 1, 0, 1, 0, 1, 0, 1, 0, 1, 0, 1, 0, 1, 0, 1, 0, 1, 0, 1, 0, 1, 0, 1, 0, 
Goal Rule:  1, 0, 1, 0, 0, 1, 1, 0, 

--My Old Weights--
Behavior Neural Net:  0.620620429339176, -0.675313531269931, 0.374237622774317, 0.039429576620194, 0.673724325221835, 0.369652369697416, -0.173179577651052, -0.49865862796952, -0.295522847816126, 0.893397649700473, -0.115120830533617, -0.600350778363808, -0.351238631341252, 0.473895359539378, 0.0974153453006481, -0.482270283383443, -0.568497380040818, -0.299383356840994, -0.612703340879038, 0.115402766091471, 0.124777897784849, -0.232786250874766, 0.43120213850923, -0.660869107423755, 0.342508564396998, 0.336184403549966, 0.782167122597884, 0.878939660209669, -0.695567956983842, -0.30987829962274, -0.267135284499794, 0.0120845153052753, -0.375642397150231, -0.755042096485869, -0.670964083481098, 0.830106235961479, 0.567999579742551, -0.535321851044577, 0.995542382819365, -0.57600440996513, 0.0622197608753199, -0.760266548842316, -0.793370006509763, -0.593535123203665, -0.628588308407268, -0.735480481635537, 0.320599928181898, 0.299965373845755, -0.188985517802176, -0.0978179718823256, 0.529433966395182, 0.53774288647703, 0.827448070900258, -0.960786374267557, -0.963911369426135, -0.146593319786057, -0.106515669779161, 
Avoid Rule:  -1, 0, -0.966666666666667, 0, -0.933333333333333, 0, -0.9, 0, -0.866666666666667, 0, -0.833333333333333, 0, -0.8, 0, -0.766666666666667, 0, -0.733333333333333, 0, -0.7, 0, -0.666666666666667, 0, -0.633333333333333, 0, -0.6, 0, -0.566666666666667, 0, -0.533333333333333, 0, -0.5, 0, -0.466666666666667, 0, -0.433333333333333, 0, -0.4, 0, -0.366666666666667, 0, -0.333333333333333, 0, -0.3, 0, -0.266666666666667, 0, -0.233333333333333, 0, -0.2, 0, -0.166666666666667, 0, -0.133333333333333, 0, -0.1, 0, -0.0666666666666667, 0, -0.0333333333333333, 0, 0, 0, -1, 0, -1, 0, -1, 0, -1, 0, -1, 0, -1, 0, -1, 0, -1, 0, -1, 0, -1, 0, -1, 0, -1, 0, -1, 0, -1, 0, -1, 0, -1, 0, -1, 0, -1, 0, -1, 0, -1, 0, -1, 0, -1, 0, -1, 0, -1, 0, -1, 0, -1, 0, -1, 0, -1, 0, -1, 0, -1, 0, 
Steer Rule:  1, 0, 0.933333333333333, 0, 0.866666666666667, 0, 0.8, 0, 0.733333333333333, 0, 0.666666666666667, 0, 0.6, 0, 0.533333333333333, 0, 0.466666666666667, 0, 0.4, 0, 0.333333333333333, 0, 0.266666666666667, 0, 0.2, 0, 0.133333333333333, 0, 0.0666666666666667, 0, 0, 0, 1, 0, 1, 0, 1, 0, 1, 0, 1, 0, 1, 0, 1, 0, 1, 0, 1, 0, 1, 0, 1, 0, 1, 0, 1, 0, 1, 0, 1, 0, 
Align Rule:  1, 0, 0.933333333333333, 0, 0.866666666666667, 0, 0.8, 0, 0.733333333333333, 0, 0.666666666666667, 0, 0.6, 0, 0.533333333333333, 0, 0.466666666666667, 0, 0.4, 0, 0.333333333333333, 0, 0.266666666666667, 0, 0.2, 0, 0.133333333333333, 0, 0.0666666666666667, 0, 0, 0, 1, 0, 1, 0, 1, 0, 1, 0, 1, 0, 1, 0, 1, 0, 1, 0, 1, 0, 1, 0, 1, 0, 1, 0, 1, 0, 1, 0, 1, 0, 
Goal Rule:  1, 0, 1, 0, 0, 1, 1, 0, 

--My New Weights--
Behavior Neural Net:  0.620620429339176, -0.675313531269931, 0.374237622774317, 0.039429576620194, 0.673724325221835, 0.369652369697416, -0.173179577651052, -0.49865862796952, -0.295522847816126, 0.893397649700473, -0.115120830533617, -0.600350778363808, -0.351238631341252, 0.473895359539378, 0.0974153453006481, -0.482270283383443, -0.568497380040818, -0.299383356840994, -0.612703340879038, 0.115402766091471, 0.124777897784849, -0.232786250874766, 0.43120213850923, -0.660869107423755, 0.342508564396998, 0.336184403549966, 0.782167122597884, 0.878939660209669, -0.695567956983842, -0.30987829962274, -0.267135284499794, 0.0120845153052753, -0.375642397150231, -0.755042096485869, -0.670964083481098, 0.830106235961479, 0.567999579742551, -0.535321851044577, 0.995542382819365, -0.57600440996513, 0.0622197608753199, -0.760266548842316, -0.793370006509763, -0.593535123203665, -0.628588308407268, -0.735480481635537, 0.320599928181898, 0.299965373845755, -0.188985517802176, -0.0978179718823256, 0.529433966395182, 0.53774288647703, 0.827448070900258, -0.960786374267557, -0.963911369426135, -0.146593319786057, -0.106515669779161, 
Avoid Rule:  -1, 0, -0.966666666666667, 0, -0.933333333333333, 0, -0.9, 0, -0.866666666666667, 0, -0.833333333333333, 0, -0.8, 0, -0.766666666666667, 0, -0.733333333333333, 0, -0.7, 0, -0.666666666666667, 0, -0.633333333333333, 0, -0.6, 0, -0.566666666666667, 0, -0.533333333333333, 0, -0.5, 0, -0.466666666666667, 0, -0.433333333333333, 0, -0.4, 0, -0.366666666666667, 0, -0.333333333333333, 0, -0.3, 0, -0.266666666666667, 0, -0.233333333333333, 0, -0.2, 0, -0.166666666666667, 0, -0.133333333333333, 0, -0.1, 0, -0.0666666666666667, 0, -0.0333333333333333, 0, 0, 0, -1, 0, -1, 0, -1, 0, -1, 0, -1, 0, -1, 0, -1, 0, -1, 0, -1, 0, -1, 0, -1, 0, -1, 0, -1, 0, -1, 0, -1, 0, -1, 0, -1, 0, -1, 0, -1, 0, -1, 0, -1, 0, -1, 0, -1, 0, -1, 0, -1, 0, -1, 0, -1, 0, -1, 0, -1, 0, -1, 0, 
Steer Rule:  1, 0, 0.933333333333333, 0, 0.866666666666667, 0, 0.8, 0, 0.733333333333333, 0, 0.666666666666667, 0, 0.6, 0, 0.533333333333333, 0, 0.466666666666667, 0, 0.4, 0, 0.333333333333333, 0, 0.266666666666667, 0, 0.2, 0, 0.133333333333333, 0, 0.0666666666666667, 0, 0, 0, 1, 0, 1, 0, 1, 0, 1, 0, 1, 0, 1, 0, 1, 0, 1, 0, 1, 0, 1, 0, 1, 0, 1, 0, 1, 0, 1, 0, 1, 0, 
Align Rule:  1, 0, 0.933333333333333, 0, 0.866666666666667, 0, 0.8, 0, 0.733333333333333, 0, 0.666666666666667, 0, 0.6, 0, 0.533333333333333, 0, 0.466666666666667, 0, 0.4, 0, 0.333333333333333, 0, 0.266666666666667, 0, 0.2, 0, 0.133333333333333, 0, 0.0666666666666667, 0, 0, 0, 1, 0, 1, 0, 1, 0, 1, 0, 1, 0, 1, 0, 1, 0, 1, 0, 1, 0, 1, 0, 1, 0, 1, 0, 1, 0, 1, 0, 1, 0, 
Goal Rule:  1, 0, 1, 0, 0, 1, 1, 0, 

--My Old Weights--
Behavior Neural Net:  0.620620429339176, -0.675313531269931, 0.374237622774317, 0.039429576620194, 0.673724325221835, 0.369652369697416, -0.173179577651052, -0.49865862796952, -0.295522847816126, 0.893397649700473, -0.115120830533617, -0.600350778363808, -0.351238631341252, 0.473895359539378, 0.0974153453006481, -0.482270283383443, -0.568497380040818, -0.299383356840994, -0.612703340879038, 0.115402766091471, 0.124777897784849, -0.232786250874766, 0.43120213850923, -0.660869107423755, 0.342508564396998, 0.336184403549966, 0.782167122597884, 0.878939660209669, -0.695567956983842, -0.30987829962274, -0.267135284499794, 0.0120845153052753, -0.375642397150231, -0.755042096485869, -0.670964083481098, 0.830106235961479, 0.567999579742551, -0.535321851044577, 0.995542382819365, -0.57600440996513, 0.0622197608753199, -0.760266548842316, -0.793370006509763, -0.593535123203665, -0.628588308407268, -0.735480481635537, 0.320599928181898, 0.299965373845755, -0.188985517802176, -0.0978179718823256, 0.529433966395182, 0.53774288647703, 0.827448070900258, -0.960786374267557, -0.963911369426135, -0.146593319786057, -0.106515669779161, 
Avoid Rule:  -1, 0, -0.966666666666667, 0, -0.933333333333333, 0, -0.9, 0, -0.866666666666667, 0, -0.833333333333333, 0, -0.8, 0, -0.766666666666667, 0, -0.733333333333333, 0, -0.7, 0, -0.666666666666667, 0, -0.633333333333333, 0, -0.6, 0, -0.566666666666667, 0, -0.533333333333333, 0, -0.5, 0, -0.466666666666667, 0, -0.433333333333333, 0, -0.4, 0, -0.366666666666667, 0, -0.333333333333333, 0, -0.3, 0, -0.266666666666667, 0, -0.233333333333333, 0, -0.2, 0, -0.166666666666667, 0, -0.133333333333333, 0, -0.1, 0, -0.0666666666666667, 0, -0.0333333333333333, 0, 0, 0, -1, 0, -1, 0, -1, 0, -1, 0, -1, 0, -1, 0, -1, 0, -1, 0, -1, 0, -1, 0, -1, 0, -1, 0, -1, 0, -1, 0, -1, 0, -1, 0, -1, 0, -1, 0, -1, 0, -1, 0, -1, 0, -1, 0, -1, 0, -1, 0, -1, 0, -1, 0, -1, 0, -1, 0, -1, 0, -1, 0, 
Steer Rule:  1, 0, 0.933333333333333, 0, 0.866666666666667, 0, 0.8, 0, 0.733333333333333, 0, 0.666666666666667, 0, 0.6, 0, 0.533333333333333, 0, 0.466666666666667, 0, 0.4, 0, 0.333333333333333, 0, 0.266666666666667, 0, 0.2, 0, 0.133333333333333, 0, 0.0666666666666667, 0, 0, 0, 1, 0, 1, 0, 1, 0, 1, 0, 1, 0, 1, 0, 1, 0, 1, 0, 1, 0, 1, 0, 1, 0, 1, 0, 1, 0, 1, 0, 1, 0, 
Align Rule:  1, 0, 0.933333333333333, 0, 0.866666666666667, 0, 0.8, 0, 0.733333333333333, 0, 0.666666666666667, 0, 0.6, 0, 0.533333333333333, 0, 0.466666666666667, 0, 0.4, 0, 0.333333333333333, 0, 0.266666666666667, 0, 0.2, 0, 0.133333333333333, 0, 0.0666666666666667, 0, 0, 0, 1, 0, 1, 0, 1, 0, 1, 0, 1, 0, 1, 0, 1, 0, 1, 0, 1, 0, 1, 0, 1, 0, 1, 0, 1, 0, 1, 0, 1, 0, 
Goal Rule:  1, 0, 1, 0, 0, 1, 1, 0, 

--My New Weights--
Behavior Neural Net:  0.620620429339176, -0.675313531269931, 0.374237622774317, 0.039429576620194, 0.673724325221835, 0.369652369697416, -0.173179577651052, -0.49865862796952, -0.295522847816126, 0.893397649700473, -0.115120830533617, -0.600350778363808, -0.351238631341252, 0.473895359539378, 0.0974153453006481, -0.482270283383443, -0.568497380040818, -0.299383356840994, -0.612703340879038, 0.115402766091471, 0.124777897784849, -0.232786250874766, 0.43120213850923, -0.660869107423755, 0.342508564396998, 0.336184403549966, 0.782167122597884, 0.878939660209669, -0.695567956983842, -0.30987829962274, -0.267135284499794, 0.0120845153052753, -0.375642397150231, -0.755042096485869, -0.670964083481098, 0.830106235961479, 0.567999579742551, -0.535321851044577, 0.995542382819365, -0.57600440996513, 0.0622197608753199, -0.760266548842316, -0.793370006509763, -0.593535123203665, -0.628588308407268, -0.735480481635537, 0.320599928181898, 0.299965373845755, -0.188985517802176, -0.0978179718823256, 0.529433966395182, 0.53774288647703, 0.827448070900258, -0.960786374267557, -0.963911369426135, -0.146593319786057, -0.106515669779161, 
Avoid Rule:  -1, 0, -0.966666666666667, 0, -0.933333333333333, 0, -0.9, 0, -0.866666666666667, 0, -0.833333333333333, 0, -0.8, 0, -0.766666666666667, 0, -0.733333333333333, 0, -0.7, 0, -0.666666666666667, 0, -0.633333333333333, 0, -0.6, 0, -0.566666666666667, 0, -0.533333333333333, 0, -0.5, 0, -0.466666666666667, 0, -0.433333333333333, 0, -0.4, 0, -0.366666666666667, 0, -0.333333333333333, 0, -0.3, 0, -0.266666666666667, 0, -0.233333333333333, 0, -0.2, 0, -0.166666666666667, 0, -0.133333333333333, 0, -0.1, 0, -0.0666666666666667, 0, -0.0333333333333333, 0, 0, 0, -1, 0, -1, 0, -1, 0, -1, 0, -1, 0, -1, 0, -1, 0, -1, 0, -1, 0, -1, 0, -1, 0, -1, 0, -1, 0, -1, 0, -1, 0, -1, 0, -1, 0, -1, 0, -1, 0, -1, 0, -1, 0, -1, 0, -1, 0, -1, 0, -1, 0, -1, 0, -1, 0, -1, 0, -1, 0, -1, 0, 
Steer Rule:  1, 0, 0.933333333333333, 0, 0.866666666666667, 0, 0.8, 0, 0.733333333333333, 0, 0.666666666666667, 0, 0.6, 0, 0.533333333333333, 0, 0.466666666666667, 0, 0.4, 0, 0.333333333333333, 0, 0.266666666666667, 0, 0.2, 0, 0.133333333333333, 0, 0.0666666666666667, 0, 0, 0, 1, 0, 1, 0, 1, 0, 1, 0, 1, 0, 1, 0, 1, 0, 1, 0, 1, 0, 1, 0, 1, 0, 1, 0, 1, 0, 1, 0, 1, 0, 
Align Rule:  1, 0, 0.933333333333333, 0, 0.866666666666667, 0, 0.8, 0, 0.733333333333333, 0, 0.666666666666667, 0, 0.6, 0, 0.533333333333333, 0, 0.466666666666667, 0, 0.4, 0, 0.333333333333333, 0, 0.266666666666667, 0, 0.2, 0, 0.133333333333333, 0, 0.0666666666666667, 0, 0, 0, 1, 0, 1, 0, 1, 0, 1, 0, 1, 0, 1, 0, 1, 0, 1, 0, 1, 0, 1, 0, 1, 0, 1, 0, 1, 0, 1, 0, 1, 0, 
Goal Rule:  1, 0, 1, 0, 0, 1, 1, 0, 

--My Old Weights--
Behavior Neural Net:  0.620620429339176, -0.675313531269931, 0.374237622774317, 0.039429576620194, 0.673724325221835, 0.369652369697416, -0.173179577651052, -0.49865862796952, -0.295522847816126, 0.893397649700473, -0.115120830533617, -0.600350778363808, -0.351238631341252, 0.473895359539378, 0.0974153453006481, -0.482270283383443, -0.568497380040818, -0.299383356840994, -0.612703340879038, 0.115402766091471, 0.124777897784849, -0.232786250874766, 0.43120213850923, -0.660869107423755, 0.342508564396998, 0.336184403549966, 0.782167122597884, 0.878939660209669, -0.695567956983842, -0.30987829962274, -0.267135284499794, 0.0120845153052753, -0.375642397150231, -0.755042096485869, -0.670964083481098, 0.830106235961479, 0.567999579742551, -0.535321851044577, 0.995542382819365, -0.57600440996513, 0.0622197608753199, -0.760266548842316, -0.793370006509763, -0.593535123203665, -0.628588308407268, -0.735480481635537, 0.320599928181898, 0.299965373845755, -0.188985517802176, -0.0978179718823256, 0.529433966395182, 0.53774288647703, 0.827448070900258, -0.960786374267557, -0.963911369426135, -0.146593319786057, -0.106515669779161, 
Avoid Rule:  -1, 0, -0.966666666666667, 0, -0.933333333333333, 0, -0.9, 0, -0.866666666666667, 0, -0.833333333333333, 0, -0.8, 0, -0.766666666666667, 0, -0.733333333333333, 0, -0.7, 0, -0.666666666666667, 0, -0.633333333333333, 0, -0.6, 0, -0.566666666666667, 0, -0.533333333333333, 0, -0.5, 0, -0.466666666666667, 0, -0.433333333333333, 0, -0.4, 0, -0.366666666666667, 0, -0.333333333333333, 0, -0.3, 0, -0.266666666666667, 0, -0.233333333333333, 0, -0.2, 0, -0.166666666666667, 0, -0.133333333333333, 0, -0.1, 0, -0.0666666666666667, 0, -0.0333333333333333, 0, 0, 0, -1, 0, -1, 0, -1, 0, -1, 0, -1, 0, -1, 0, -1, 0, -1, 0, -1, 0, -1, 0, -1, 0, -1, 0, -1, 0, -1, 0, -1, 0, -1, 0, -1, 0, -1, 0, -1, 0, -1, 0, -1, 0, -1, 0, -1, 0, -1, 0, -1, 0, -1, 0, -1, 0, -1, 0, -1, 0, -1, 0, 
Steer Rule:  1, 0, 0.933333333333333, 0, 0.866666666666667, 0, 0.8, 0, 0.733333333333333, 0, 0.666666666666667, 0, 0.6, 0, 0.533333333333333, 0, 0.466666666666667, 0, 0.4, 0, 0.333333333333333, 0, 0.266666666666667, 0, 0.2, 0, 0.133333333333333, 0, 0.0666666666666667, 0, 0, 0, 1, 0, 1, 0, 1, 0, 1, 0, 1, 0, 1, 0, 1, 0, 1, 0, 1, 0, 1, 0, 1, 0, 1, 0, 1, 0, 1, 0, 1, 0, 
Align Rule:  1, 0, 0.933333333333333, 0, 0.866666666666667, 0, 0.8, 0, 0.733333333333333, 0, 0.666666666666667, 0, 0.6, 0, 0.533333333333333, 0, 0.466666666666667, 0, 0.4, 0, 0.333333333333333, 0, 0.266666666666667, 0, 0.2, 0, 0.133333333333333, 0, 0.0666666666666667, 0, 0, 0, 1, 0, 1, 0, 1, 0, 1, 0, 1, 0, 1, 0, 1, 0, 1, 0, 1, 0, 1, 0, 1, 0, 1, 0, 1, 0, 1, 0, 1, 0, 
Goal Rule:  1, 0, 1, 0, 0, 1, 1, 0, 

--My New Weights--
Behavior Neural Net:  0.620620429339176, -0.675313531269931, 0.374237622774317, 0.039429576620194, 0.673724325221835, 0.369652369697416, -0.173179577651052, -0.49865862796952, -0.295522847816126, 0.893397649700473, -0.115120830533617, -0.600350778363808, -0.351238631341252, 0.473895359539378, 0.0974153453006481, -0.482270283383443, -0.568497380040818, -0.299383356840994, -0.612703340879038, 0.115402766091471, 0.124777897784849, -0.232786250874766, 0.43120213850923, -0.660869107423755, 0.342508564396998, 0.336184403549966, 0.782167122597884, 0.878939660209669, -0.695567956983842, -0.30987829962274, -0.267135284499794, 0.0120845153052753, -0.375642397150231, -0.755042096485869, -0.670964083481098, 0.830106235961479, 0.567999579742551, -0.535321851044577, 0.995542382819365, -0.57600440996513, 0.0622197608753199, -0.760266548842316, -0.793370006509763, -0.593535123203665, -0.628588308407268, -0.735480481635537, 0.320599928181898, 0.299965373845755, -0.188985517802176, -0.0978179718823256, 0.529433966395182, 0.53774288647703, 0.827448070900258, -0.960786374267557, -0.963911369426135, -0.146593319786057, -0.106515669779161, 
Avoid Rule:  -1, 0, -0.966666666666667, 0, -0.933333333333333, 0, -0.9, 0, -0.866666666666667, 0, -0.833333333333333, 0, -0.8, 0, -0.766666666666667, 0, -0.733333333333333, 0, -0.7, 0, -0.666666666666667, 0, -0.633333333333333, 0, -0.6, 0, -0.566666666666667, 0, -0.533333333333333, 0, -0.5, 0, -0.466666666666667, 0, -0.433333333333333, 0, -0.4, 0, -0.366666666666667, 0, -0.333333333333333, 0, -0.3, 0, -0.266666666666667, 0, -0.233333333333333, 0, -0.2, 0, -0.166666666666667, 0, -0.133333333333333, 0, -0.1, 0, -0.0666666666666667, 0, -0.0333333333333333, 0, 0, 0, -1, 0, -1, 0, -1, 0, -1, 0, -1, 0, -1, 0, -1, 0, -1, 0, -1, 0, -1, 0, -1, 0, -1, 0, -1, 0, -1, 0, -1, 0, -1, 0, -1, 0, -1, 0, -1, 0, -1, 0, -1, 0, -1, 0, -1, 0, -1, 0, -1, 0, -1, 0, -1, 0, -1, 0, -1, 0, -1, 0, 
Steer Rule:  1, 0, 0.933333333333333, 0, 0.866666666666667, 0, 0.8, 0, 0.733333333333333, 0, 0.666666666666667, 0, 0.6, 0, 0.533333333333333, 0, 0.466666666666667, 0, 0.4, 0, 0.333333333333333, 0, 0.266666666666667, 0, 0.2, 0, 0.133333333333333, 0, 0.0666666666666667, 0, 0, 0, 1, 0, 1, 0, 1, 0, 1, 0, 1, 0, 1, 0, 1, 0, 1, 0, 1, 0, 1, 0, 1, 0, 1, 0, 1, 0, 1, 0, 1, 0, 
Align Rule:  1, 0, 0.933333333333333, 0, 0.866666666666667, 0, 0.8, 0, 0.733333333333333, 0, 0.666666666666667, 0, 0.6, 0, 0.533333333333333, 0, 0.466666666666667, 0, 0.4, 0, 0.333333333333333, 0, 0.266666666666667, 0, 0.2, 0, 0.133333333333333, 0, 0.0666666666666667, 0, 0, 0, 1, 0, 1, 0, 1, 0, 1, 0, 1, 0, 1, 0, 1, 0, 1, 0, 1, 0, 1, 0, 1, 0, 1, 0, 1, 0, 1, 0, 1, 0, 
Goal Rule:  1, 0, 1, 0, 0, 1, 1, 0, 

--My Old Weights--
Behavior Neural Net:  0.620620429339176, -0.675313531269931, 0.374237622774317, 0.039429576620194, 0.673724325221835, 0.369652369697416, -0.173179577651052, -0.49865862796952, -0.295522847816126, 0.893397649700473, -0.115120830533617, -0.600350778363808, -0.351238631341252, 0.473895359539378, 0.0974153453006481, -0.482270283383443, -0.568497380040818, -0.299383356840994, -0.612703340879038, 0.115402766091471, 0.124777897784849, -0.232786250874766, 0.43120213850923, -0.660869107423755, 0.342508564396998, 0.336184403549966, 0.782167122597884, 0.878939660209669, -0.695567956983842, -0.30987829962274, -0.267135284499794, 0.0120845153052753, -0.375642397150231, -0.755042096485869, -0.670964083481098, 0.830106235961479, 0.567999579742551, -0.535321851044577, 0.995542382819365, -0.57600440996513, 0.0622197608753199, -0.760266548842316, -0.793370006509763, -0.593535123203665, -0.628588308407268, -0.735480481635537, 0.320599928181898, 0.299965373845755, -0.188985517802176, -0.0978179718823256, 0.529433966395182, 0.53774288647703, 0.827448070900258, -0.960786374267557, -0.963911369426135, -0.146593319786057, -0.106515669779161, 
Avoid Rule:  -1, 0, -0.966666666666667, 0, -0.933333333333333, 0, -0.9, 0, -0.866666666666667, 0, -0.833333333333333, 0, -0.8, 0, -0.766666666666667, 0, -0.733333333333333, 0, -0.7, 0, -0.666666666666667, 0, -0.633333333333333, 0, -0.6, 0, -0.566666666666667, 0, -0.533333333333333, 0, -0.5, 0, -0.466666666666667, 0, -0.433333333333333, 0, -0.4, 0, -0.366666666666667, 0, -0.333333333333333, 0, -0.3, 0, -0.266666666666667, 0, -0.233333333333333, 0, -0.2, 0, -0.166666666666667, 0, -0.133333333333333, 0, -0.1, 0, -0.0666666666666667, 0, -0.0333333333333333, 0, 0, 0, -1, 0, -1, 0, -1, 0, -1, 0, -1, 0, -1, 0, -1, 0, -1, 0, -1, 0, -1, 0, -1, 0, -1, 0, -1, 0, -1, 0, -1, 0, -1, 0, -1, 0, -1, 0, -1, 0, -1, 0, -1, 0, -1, 0, -1, 0, -1, 0, -1, 0, -1, 0, -1, 0, -1, 0, -1, 0, -1, 0, 
Steer Rule:  1, 0, 0.933333333333333, 0, 0.866666666666667, 0, 0.8, 0, 0.733333333333333, 0, 0.666666666666667, 0, 0.6, 0, 0.533333333333333, 0, 0.466666666666667, 0, 0.4, 0, 0.333333333333333, 0, 0.266666666666667, 0, 0.2, 0, 0.133333333333333, 0, 0.0666666666666667, 0, 0, 0, 1, 0, 1, 0, 1, 0, 1, 0, 1, 0, 1, 0, 1, 0, 1, 0, 1, 0, 1, 0, 1, 0, 1, 0, 1, 0, 1, 0, 1, 0, 
Align Rule:  1, 0, 0.933333333333333, 0, 0.866666666666667, 0, 0.8, 0, 0.733333333333333, 0, 0.666666666666667, 0, 0.6, 0, 0.533333333333333, 0, 0.466666666666667, 0, 0.4, 0, 0.333333333333333, 0, 0.266666666666667, 0, 0.2, 0, 0.133333333333333, 0, 0.0666666666666667, 0, 0, 0, 1, 0, 1, 0, 1, 0, 1, 0, 1, 0, 1, 0, 1, 0, 1, 0, 1, 0, 1, 0, 1, 0, 1, 0, 1, 0, 1, 0, 1, 0, 
Goal Rule:  1, 0, 1, 0, 0, 1, 1, 0, 

--My New Weights--
Behavior Neural Net:  0.620620429339176, -0.675313531269931, 0.374237622774317, 0.039429576620194, 0.673724325221835, 0.369652369697416, -0.173179577651052, -0.49865862796952, -0.295522847816126, 0.893397649700473, -0.115120830533617, -0.600350778363808, -0.351238631341252, 0.473895359539378, 0.0974153453006481, -0.482270283383443, -0.568497380040818, -0.299383356840994, -0.612703340879038, 0.115402766091471, 0.124777897784849, -0.232786250874766, 0.43120213850923, -0.660869107423755, 0.342508564396998, 0.336184403549966, 0.782167122597884, 0.878939660209669, -0.695567956983842, -0.30987829962274, -0.267135284499794, 0.0120845153052753, -0.375642397150231, -0.755042096485869, -0.670964083481098, 0.830106235961479, 0.567999579742551, -0.535321851044577, 0.995542382819365, -0.57600440996513, 0.0622197608753199, -0.760266548842316, -0.793370006509763, -0.593535123203665, -0.628588308407268, -0.735480481635537, 0.320599928181898, 0.299965373845755, -0.188985517802176, -0.0978179718823256, 0.529433966395182, 0.53774288647703, 0.827448070900258, -0.960786374267557, -0.963911369426135, -0.146593319786057, -0.106515669779161, 
Avoid Rule:  -1, 0, -0.966666666666667, 0, -0.933333333333333, 0, -0.9, 0, -0.866666666666667, 0, -0.833333333333333, 0, -0.8, 0, -0.766666666666667, 0, -0.733333333333333, 0, -0.7, 0, -0.666666666666667, 0, -0.633333333333333, 0, -0.6, 0, -0.566666666666667, 0, -0.533333333333333, 0, -0.5, 0, -0.466666666666667, 0, -0.433333333333333, 0, -0.4, 0, -0.366666666666667, 0, -0.333333333333333, 0, -0.3, 0, -0.266666666666667, 0, -0.233333333333333, 0, -0.2, 0, -0.166666666666667, 0, -0.133333333333333, 0, -0.1, 0, -0.0666666666666667, 0, -0.0333333333333333, 0, 0, 0, -1, 0, -1, 0, -1, 0, -1, 0, -1, 0, -1, 0, -1, 0, -1, 0, -1, 0, -1, 0, -1, 0, -1, 0, -1, 0, -1, 0, -1, 0, -1, 0, -1, 0, -1, 0, -1, 0, -1, 0, -1, 0, -1, 0, -1, 0, -1, 0, -1, 0, -1, 0, -1, 0, -1, 0, -1, 0, -1, 0, 
Steer Rule:  1, 0, 0.933333333333333, 0, 0.866666666666667, 0, 0.8, 0, 0.733333333333333, 0, 0.666666666666667, 0, 0.6, 0, 0.533333333333333, 0, 0.466666666666667, 0, 0.4, 0, 0.333333333333333, 0, 0.266666666666667, 0, 0.2, 0, 0.133333333333333, 0, 0.0666666666666667, 0, 0, 0, 1, 0, 1, 0, 1, 0, 1, 0, 1, 0, 1, 0, 1, 0, 1, 0, 1, 0, 1, 0, 1, 0, 1, 0, 1, 0, 1, 0, 1, 0, 
Align Rule:  1, 0, 0.933333333333333, 0, 0.866666666666667, 0, 0.8, 0, 0.733333333333333, 0, 0.666666666666667, 0, 0.6, 0, 0.533333333333333, 0, 0.466666666666667, 0, 0.4, 0, 0.333333333333333, 0, 0.266666666666667, 0, 0.2, 0, 0.133333333333333, 0, 0.0666666666666667, 0, 0, 0, 1, 0, 1, 0, 1, 0, 1, 0, 1, 0, 1, 0, 1, 0, 1, 0, 1, 0, 1, 0, 1, 0, 1, 0, 1, 0, 1, 0, 1, 0, 
Goal Rule:  1, 0, 1, 0, 0, 1, 1, 0, 

--My Old Weights--
Behavior Neural Net:  0.620620429339176, -0.675313531269931, 0.374237622774317, 0.039429576620194, 0.673724325221835, 0.369652369697416, -0.173179577651052, -0.49865862796952, -0.295522847816126, 0.893397649700473, -0.115120830533617, -0.600350778363808, -0.351238631341252, 0.473895359539378, 0.0974153453006481, -0.482270283383443, -0.568497380040818, -0.299383356840994, -0.612703340879038, 0.115402766091471, 0.124777897784849, -0.232786250874766, 0.43120213850923, -0.660869107423755, 0.342508564396998, 0.336184403549966, 0.782167122597884, 0.878939660209669, -0.695567956983842, -0.30987829962274, -0.267135284499794, 0.0120845153052753, -0.375642397150231, -0.755042096485869, -0.670964083481098, 0.830106235961479, 0.567999579742551, -0.535321851044577, 0.995542382819365, -0.57600440996513, 0.0622197608753199, -0.760266548842316, -0.793370006509763, -0.593535123203665, -0.628588308407268, -0.735480481635537, 0.320599928181898, 0.299965373845755, -0.188985517802176, -0.0978179718823256, 0.529433966395182, 0.53774288647703, 0.827448070900258, -0.960786374267557, -0.963911369426135, -0.146593319786057, -0.106515669779161, 
Avoid Rule:  -1, 0, -0.966666666666667, 0, -0.933333333333333, 0, -0.9, 0, -0.866666666666667, 0, -0.833333333333333, 0, -0.8, 0, -0.766666666666667, 0, -0.733333333333333, 0, -0.7, 0, -0.666666666666667, 0, -0.633333333333333, 0, -0.6, 0, -0.566666666666667, 0, -0.533333333333333, 0, -0.5, 0, -0.466666666666667, 0, -0.433333333333333, 0, -0.4, 0, -0.366666666666667, 0, -0.333333333333333, 0, -0.3, 0, -0.266666666666667, 0, -0.233333333333333, 0, -0.2, 0, -0.166666666666667, 0, -0.133333333333333, 0, -0.1, 0, -0.0666666666666667, 0, -0.0333333333333333, 0, 0, 0, -1, 0, -1, 0, -1, 0, -1, 0, -1, 0, -1, 0, -1, 0, -1, 0, -1, 0, -1, 0, -1, 0, -1, 0, -1, 0, -1, 0, -1, 0, -1, 0, -1, 0, -1, 0, -1, 0, -1, 0, -1, 0, -1, 0, -1, 0, -1, 0, -1, 0, -1, 0, -1, 0, -1, 0, -1, 0, -1, 0, 
Steer Rule:  1, 0, 0.933333333333333, 0, 0.866666666666667, 0, 0.8, 0, 0.733333333333333, 0, 0.666666666666667, 0, 0.6, 0, 0.533333333333333, 0, 0.466666666666667, 0, 0.4, 0, 0.333333333333333, 0, 0.266666666666667, 0, 0.2, 0, 0.133333333333333, 0, 0.0666666666666667, 0, 0, 0, 1, 0, 1, 0, 1, 0, 1, 0, 1, 0, 1, 0, 1, 0, 1, 0, 1, 0, 1, 0, 1, 0, 1, 0, 1, 0, 1, 0, 1, 0, 
Align Rule:  1, 0, 0.933333333333333, 0, 0.866666666666667, 0, 0.8, 0, 0.733333333333333, 0, 0.666666666666667, 0, 0.6, 0, 0.533333333333333, 0, 0.466666666666667, 0, 0.4, 0, 0.333333333333333, 0, 0.266666666666667, 0, 0.2, 0, 0.133333333333333, 0, 0.0666666666666667, 0, 0, 0, 1, 0, 1, 0, 1, 0, 1, 0, 1, 0, 1, 0, 1, 0, 1, 0, 1, 0, 1, 0, 1, 0, 1, 0, 1, 0, 1, 0, 1, 0, 
Goal Rule:  1, 0, 1, 0, 0, 1, 1, 0, 

--My New Weights--
Behavior Neural Net:  0.620620429339176, -0.675313531269931, 0.374237622774317, 0.039429576620194, 0.673724325221835, 0.369652369697416, -0.173179577651052, -0.49865862796952, -0.295522847816126, 0.893397649700473, -0.115120830533617, -0.600350778363808, -0.351238631341252, 0.473895359539378, 0.0974153453006481, -0.482270283383443, -0.568497380040818, -0.299383356840994, -0.612703340879038, 0.115402766091471, 0.124777897784849, -0.232786250874766, 0.43120213850923, -0.660869107423755, 0.342508564396998, 0.336184403549966, 0.782167122597884, 0.878939660209669, -0.695567956983842, -0.30987829962274, -0.267135284499794, 0.0120845153052753, -0.375642397150231, -0.755042096485869, -0.670964083481098, 0.830106235961479, 0.567999579742551, -0.535321851044577, 0.995542382819365, -0.57600440996513, 0.0622197608753199, -0.760266548842316, -0.793370006509763, -0.593535123203665, -0.628588308407268, -0.735480481635537, 0.320599928181898, 0.299965373845755, -0.188985517802176, -0.0978179718823256, 0.529433966395182, 0.53774288647703, 0.827448070900258, -0.960786374267557, -0.963911369426135, -0.146593319786057, -0.106515669779161, 
Avoid Rule:  -1, 0, -0.966666666666667, 0, -0.933333333333333, 0, -0.9, 0, -0.866666666666667, 0, -0.833333333333333, 0, -0.8, 0, -0.766666666666667, 0, -0.733333333333333, 0, -0.7, 0, -0.666666666666667, 0, -0.633333333333333, 0, -0.6, 0, -0.566666666666667, 0, -0.533333333333333, 0, -0.5, 0, -0.466666666666667, 0, -0.433333333333333, 0, -0.4, 0, -0.366666666666667, 0, -0.333333333333333, 0, -0.3, 0, -0.266666666666667, 0, -0.233333333333333, 0, -0.2, 0, -0.166666666666667, 0, -0.133333333333333, 0, -0.1, 0, -0.0666666666666667, 0, -0.0333333333333333, 0, 0, 0, -1, 0, -1, 0, -1, 0, -1, 0, -1, 0, -1, 0, -1, 0, -1, 0, -1, 0, -1, 0, -1, 0, -1, 0, -1, 0, -1, 0, -1, 0, -1, 0, -1, 0, -1, 0, -1, 0, -1, 0, -1, 0, -1, 0, -1, 0, -1, 0, -1, 0, -1, 0, -1, 0, -1, 0, -1, 0, -1, 0, 
Steer Rule:  1, 0, 0.933333333333333, 0, 0.866666666666667, 0, 0.8, 0, 0.733333333333333, 0, 0.666666666666667, 0, 0.6, 0, 0.533333333333333, 0, 0.466666666666667, 0, 0.4, 0, 0.333333333333333, 0, 0.266666666666667, 0, 0.2, 0, 0.133333333333333, 0, 0.0666666666666667, 0, 0, 0, 1, 0, 1, 0, 1, 0, 1, 0, 1, 0, 1, 0, 1, 0, 1, 0, 1, 0, 1, 0, 1, 0, 1, 0, 1, 0, 1, 0, 1, 0, 
Align Rule:  1, 0, 0.933333333333333, 0, 0.866666666666667, 0, 0.8, 0, 0.733333333333333, 0, 0.666666666666667, 0, 0.6, 0, 0.533333333333333, 0, 0.466666666666667, 0, 0.4, 0, 0.333333333333333, 0, 0.266666666666667, 0, 0.2, 0, 0.133333333333333, 0, 0.0666666666666667, 0, 0, 0, 1, 0, 1, 0, 1, 0A first chance exception of type 'System.Threading.ThreadAbortException' occurred in mscorlib.dll
The program '[5692] PredatorPrey.exe: Program Trace' has exited with code 0 (0x0).
The program '[5692] PredatorPrey.exe: Managed (v4.0.30319)' has exited with code 0 (0x0).
, 1, 0, 1, 0, 1, 0, 1, 0, 1, 0, 1, 0, 1, 0, 1, 0, 1, 0, 1, 0, 1, 0, 1, 0, 
Goal Rule:  1, 0, 1, 0, 0, 1, 1, 0, 

