
--My Old Weights--
Behavior Neural Net:  -0.0428401907174104, -0.638557349163367, 0.0145239499465208, -0.55320335624423, -0.117986777386622, -0.521344058924049, 0.626096310851209, 0.835438368765376, -0.667160942064208, -0.173695872153014, 0.457763824359404, 0.463247035380102, -0.0879915696978529, -0.774818788177715, 0.58109543918683, -0.719529335256447, -0.945692731042249, 0.527233382466824, 0.994769511741944, -0.646908246747641, -0.302711676481511, -0.229108425429607, -0.715385164932993, -0.205134526456303, -0.789245452633707, -0.91880854774211, -0.548123608132882, -0.257898252111812, -0.443426700049744, -0.38640784629919, -0.185687338554155, -0.571428820291268, -0.901130501134847, 0.590607241536773, -0.99694990273423, -0.257665542539985, -0.419671197151612, 
Avoid Rule:  -1, 0, -0.966666666666667, 0, -0.933333333333333, 0, -0.9, 0, -0.866666666666667, 0, -0.833333333333333, 0, -0.8, 0, -0.766666666666667, 0, -0.733333333333333, 0, -0.7, 0, -0.666666666666667, 0, -0.633333333333333, 0, -0.6, 0, -0.566666666666667, 0, -0.533333333333333, 0, -0.5, 0, -0.466666666666667, 0, -0.433333333333333, 0, -0.4, 0, -0.366666666666667, 0, -0.333333333333333, 0, -0.3, 0, -0.266666666666667, 0, -0.233333333333333, 0, -0.2, 0, -0.166666666666667, 0, -0.133333333333333, 0, -0.1, 0, -0.0666666666666667, 0, -0.0333333333333333, 0, 0, 0, -1, 0, -1, 0, -1, 0, -1, 0, -1, 0, -1, 0, -1, 0, -1, 0, -1, 0, -1, 0, -1, 0, -1, 0, -1, 0, -1, 0, -1, 0, -1, 0, -1, 0, -1, 0, -1, 0, -1, 0, -1, 0, -1, 0, -1, 0, -1, 0, -1, 0, -1, 0, -1, 0, -1, 0, -1, 0, -1, 0, 
Goal Rule:  1, 0, 1, 0, 0, 1, 1, 0, 

--My New Weights--
Behavior Neural Net:  -0.384381768225257, -0.701097412212271, -0.353883870868173, -0.655718586957736, -0.424333781110789, -0.743584813939543, -0.133543101194354, -0.0222454765652209, -0.821109000364508, -0.558756128391291, 0.477924680961244, 0.480839854185509, 0.187771428469505, -0.177383279137248, 0.543494475720765, -0.879759237203357, -1, -0.216912361896259, 0.0316552748944128, -0.841149916508105, -0.320775695784378, -0.281644204058919, -0.540175368595944, -0.268898375363944, -0.579443514984781, -0.373222125131662, -0.176145848747599, -0.0218462633984678, -0.12048327768199, -0.0901689536290826, 0.0165449859823051, 0.143668260317711, -0.0316190865238329, 0.761469836854624, -0.0825618922727326, 0.310481885145489, 0.224350867258224, 
Avoid Rule:  0.510723259863717, 1, 0.527032484534926, 1, 0.543341709206136, 1, 0.559650933877345, 1, 0.575960158548555, 1, 0.592269383219764, 1, 0.608578607890974, 1, 0.624887832562183, 1, 0.641197057233392, 1, 0.657506281904602, 1, 0.673815506575811, 1, 0.690124731247021, 1, 0.70643395591823, 1, 0.72274318058944, 1, 0.739052405260649, 1, 0.755361629931859, 1, 0.771670854603068, 1, 0.787980079274277, 1, 0.804289303945487, 1, 0.820598528616696, 1, 0.836907753287906, 1, 0.853216977959115, 1, 0.869526202630325, 1, 0.885835427301534, 1, 0.902144651972743, 1, 0.918453876643953, 1, 0.934763101315162, 1, 0.951072325986372, 1, 0.967381550657581, 1, 0.983690775328791, 1, 1, 0.893440982298377, 0.404164242162094, 0.893440982298377, 0.404164242162094, 0.893440982298377, 0.404164242162094, 0.893440982298377, 0.404164242162094, 0.893440982298377, 0.404164242162094, 0.893440982298377, 0.404164242162094, 0.893440982298377, 0.404164242162094, 0.893440982298377, 0.404164242162094, 0.893440982298377, 0.404164242162094, 0.893440982298377, 0.404164242162094, 0.893440982298377, 0.404164242162094, 0.893440982298377, 0.404164242162094, 0.893440982298377, 0.404164242162094, 0.893440982298377, 0.404164242162094, 0.893440982298377, 0.404164242162094, 0.893440982298377, 0.404164242162094, 0.893440982298377, 0.404164242162094, 0.893440982298377, 0.404164242162094, 0.893440982298377, 0.404164242162094, 0.893440982298377, 0.404164242162094, 0.893440982298377, 0.404164242162094, 0.893440982298377, 0.404164242162094, 0.893440982298377, 0.404164242162094, 0.893440982298377, 0.404164242162094, 0.893440982298377, 0.404164242162094, 0.893440982298377, 0.404164242162094, 0.893440982298377, 0.404164242162094, 0.893440982298377, 0.404164242162094, 0.893440982298377, 0.404164242162094, 0.893440982298377, 0.404164242162094, 0.893440982298377, 
Goal Rule:  0.798533848438472, 0.331093647686164, 0.798533848438472, 0.331093647686164, 0.532559799247692, 1, 1, 0.532559799247692, 

--My Old Weights--
Behavior Neural Net:  -0.384381768225257, -0.701097412212271, -0.353883870868173, -0.655718586957736, -0.424333781110789, -0.743584813939543, -0.133543101194354, -0.0222454765652209, -0.821109000364508, -0.558756128391291, 0.477924680961244, 0.480839854185509, 0.187771428469505, -0.177383279137248, 0.543494475720765, -0.879759237203357, -1, -0.216912361896259, 0.0316552748944128, -0.841149916508105, -0.320775695784378, -0.281644204058919, -0.540175368595944, -0.268898375363944, -0.579443514984781, -0.373222125131662, -0.176145848747599, -0.0218462633984678, -0.12048327768199, -0.0901689536290826, 0.0165449859823051, 0.143668260317711, -0.0316190865238329, 0.761469836854624, -0.0825618922727326, 0.310481885145489, 0.224350867258224, 
Avoid Rule:  0.510723259863717, 1, 0.527032484534926, 1, 0.543341709206136, 1, 0.559650933877345, 1, 0.575960158548555, 1, 0.592269383219764, 1, 0.608578607890974, 1, 0.624887832562183, 1, 0.641197057233392, 1, 0.657506281904602, 1, 0.673815506575811, 1, 0.690124731247021, 1, 0.70643395591823, 1, 0.72274318058944, 1, 0.739052405260649, 1, 0.755361629931859, 1, 0.771670854603068, 1, 0.787980079274277, 1, 0.804289303945487, 1, 0.820598528616696, 1, 0.836907753287906, 1, 0.853216977959115, 1, 0.869526202630325, 1, 0.885835427301534, 1, 0.902144651972743, 1, 0.918453876643953, 1, 0.934763101315162, 1, 0.951072325986372, 1, 0.967381550657581, 1, 0.983690775328791, 1, 1, 0.893440982298377, 0.404164242162094, 0.893440982298377, 0.404164242162094, 0.893440982298377, 0.404164242162094, 0.893440982298377, 0.404164242162094, 0.893440982298377, 0.404164242162094, 0.893440982298377, 0.404164242162094, 0.893440982298377, 0.404164242162094, 0.893440982298377, 0.404164242162094, 0.893440982298377, 0.404164242162094, 0.893440982298377, 0.404164242162094, 0.893440982298377, 0.404164242162094, 0.893440982298377, 0.404164242162094, 0.893440982298377, 0.404164242162094, 0.893440982298377, 0.404164242162094, 0.893440982298377, 0.404164242162094, 0.893440982298377, 0.404164242162094, 0.893440982298377, 0.404164242162094, 0.893440982298377, 0.404164242162094, 0.893440982298377, 0.404164242162094, 0.893440982298377, 0.404164242162094, 0.893440982298377, 0.404164242162094, 0.893440982298377, 0.404164242162094, 0.893440982298377, 0.404164242162094, 0.893440982298377, 0.404164242162094, 0.893440982298377, 0.404164242162094, 0.893440982298377, 0.404164242162094, 0.893440982298377, 0.404164242162094, 0.893440982298377, 0.404164242162094, 0.893440982298377, 0.404164242162094, 0.893440982298377, 0.404164242162094, 0.893440982298377, 
Goal Rule:  0.798533848438472, 0.331093647686164, 0.798533848438472, 0.331093647686164, 0.532559799247692, 1, 1, 0.532559799247692, 

--My New Weights--
Behavior Neural Net:  -0.384381768225257, -0.701097412212271, -0.353883870868173, -0.655718586957736, -0.424333781110789, -0.743584813939543, -0.133543101194354, -0.0222454765652209, -0.821109000364508, -0.558756128391291, 0.477924680961244, 0.480839854185509, 0.187771428469505, -0.177383279137248, 0.543494475720765, -0.879759237203357, -1, -0.216912361896259, 0.0316552748944128, -0.841149916508105, -0.320775695784378, -0.281644204058919, -0.540175368595944, -0.268898375363944, -0.579443514984781, -0.373222125131662, -0.176145848747599, -0.0218462633984678, -0.12048327768199, -0.0901689536290826, 0.0165449859823051, 0.143668260317711, -0.0316190865238329, 0.761469836854624, -0.0825618922727326, 0.310481885145489, 0.224350867258224, 
Avoid Rule:  0.510723259863717, 1, 0.527032484534926, 1, 0.543341709206136, 1, 0.559650933877345, 1, 0.575960158548555, 1, 0.592269383219764, 1, 0.608578607890974, 1, 0.624887832562183, 1, 0.641197057233392, 1, 0.657506281904602, 1, 0.673815506575811, 1, 0.690124731247021, 1, 0.70643395591823, 1, 0.72274318058944, 1, 0.739052405260649, 1, 0.755361629931859, 1, 0.771670854603068, 1, 0.787980079274277, 1, 0.804289303945487, 1, 0.820598528616696, 1, 0.836907753287906, 1, 0.853216977959115, 1, 0.869526202630325, 1, 0.885835427301534, 1, 0.902144651972743, 1, 0.918453876643953, 1, 0.934763101315162, 1, 0.951072325986372, 1, 0.967381550657581, 1, 0.983690775328791, 1, 1, 0.893440982298377, 0.404164242162094, 0.893440982298377, 0.404164242162094, 0.893440982298377, 0.404164242162094, 0.893440982298377, 0.404164242162094, 0.893440982298377, 0.404164242162094, 0.893440982298377, 0.404164242162094, 0.893440982298377, 0.404164242162094, 0.893440982298377, 0.404164242162094, 0.893440982298377, 0.404164242162094, 0.893440982298377, 0.404164242162094, 0.893440982298377, 0.404164242162094, 0.893440982298377, 0.404164242162094, 0.893440982298377, 0.404164242162094, 0.893440982298377, 0.404164242162094, 0.893440982298377, 0.404164242162094, 0.893440982298377, 0.404164242162094, 0.893440982298377, 0.404164242162094, 0.893440982298377, 0.404164242162094, 0.893440982298377, 0.404164242162094, 0.893440982298377, 0.404164242162094, 0.893440982298377, 0.404164242162094, 0.893440982298377, 0.404164242162094, 0.893440982298377, 0.404164242162094, 0.893440982298377, 0.404164242162094, 0.893440982298377, 0.404164242162094, 0.893440982298377, 0.404164242162094, 0.893440982298377, 0.404164242162094, 0.893440982298377, 0.404164242162094, 0.893440982298377, 0.404164242162094, 0.893440982298377, 0.404164242162094, 0.893440982298377, 
Goal Rule:  0.798533848438472, 0.331093647686164, 0.798533848438472, 0.331093647686164, 0.532559799247692, 1, 1, 0.532559799247692, 

--My Old Weights--
Behavior Neural Net:  -0.384381768225257, -0.701097412212271, -0.353883870868173, -0.655718586957736, -0.424333781110789, -0.743584813939543, -0.133543101194354, -0.0222454765652209, -0.821109000364508, -0.558756128391291, 0.477924680961244, 0.480839854185509, 0.187771428469505, -0.177383279137248, 0.543494475720765, -0.879759237203357, -1, -0.216912361896259, 0.0316552748944128, -0.841149916508105, -0.320775695784378, -0.281644204058919, -0.540175368595944, -0.268898375363944, -0.579443514984781, -0.373222125131662, -0.176145848747599, -0.0218462633984678, -0.12048327768199, -0.0901689536290826, 0.0165449859823051, 0.143668260317711, -0.0316190865238329, 0.761469836854624, -0.0825618922727326, 0.310481885145489, 0.224350867258224, 
Avoid Rule:  0.510723259863717, 1, 0.527032484534926, 1, 0.543341709206136, 1, 0.559650933877345, 1, 0.575960158548555, 1, 0.592269383219764, 1, 0.608578607890974, 1, 0.624887832562183, 1, 0.641197057233392, 1, 0.657506281904602, 1, 0.673815506575811, 1, 0.690124731247021, 1, 0.70643395591823, 1, 0.72274318058944, 1, 0.739052405260649, 1, 0.755361629931859, 1, 0.771670854603068, 1, 0.787980079274277, 1, 0.804289303945487, 1, 0.820598528616696, 1, 0.836907753287906, 1, 0.853216977959115, 1, 0.869526202630325, 1, 0.885835427301534, 1, 0.902144651972743, 1, 0.918453876643953, 1, 0.934763101315162, 1, 0.951072325986372, 1, 0.967381550657581, 1, 0.983690775328791, 1, 1, 0.893440982298377, 0.404164242162094, 0.893440982298377, 0.404164242162094, 0.893440982298377, 0.404164242162094, 0.893440982298377, 0.404164242162094, 0.893440982298377, 0.404164242162094, 0.893440982298377, 0.404164242162094, 0.893440982298377, 0.404164242162094, 0.893440982298377, 0.404164242162094, 0.893440982298377, 0.404164242162094, 0.893440982298377, 0.404164242162094, 0.893440982298377, 0.404164242162094, 0.893440982298377, 0.404164242162094, 0.893440982298377, 0.404164242162094, 0.893440982298377, 0.404164242162094, 0.893440982298377, 0.404164242162094, 0.893440982298377, 0.404164242162094, 0.893440982298377, 0.404164242162094, 0.893440982298377, 0.404164242162094, 0.893440982298377, 0.404164242162094, 0.893440982298377, 0.404164242162094, 0.893440982298377, 0.404164242162094, 0.893440982298377, 0.404164242162094, 0.893440982298377, 0.404164242162094, 0.893440982298377, 0.404164242162094, 0.893440982298377, 0.404164242162094, 0.893440982298377, 0.404164242162094, 0.893440982298377, 0.404164242162094, 0.893440982298377, 0.404164242162094, 0.893440982298377, 0.404164242162094, 0.893440982298377, 0.404164242162094, 0.893440982298377, 
Goal Rule:  0.798533848438472, 0.331093647686164, 0.798533848438472, 0.331093647686164, 0.532559799247692, 1, 1, 0.532559799247692, 

--My New Weights--
Behavior Neural Net:  -0.384381768225257, -0.701097412212271, -0.353883870868173, -0.655718586957736, -0.424333781110789, -0.743584813939543, -0.133543101194354, -0.0222454765652209, -0.821109000364508, -0.558756128391291, 0.477924680961244, 0.480839854185509, 0.187771428469505, -0.177383279137248, 0.543494475720765, -0.879759237203357, -1, -0.216912361896259, 0.0316552748944128, -0.841149916508105, -0.320775695784378, -0.281644204058919, -0.540175368595944, -0.268898375363944, -0.579443514984781, -0.373222125131662, -0.176145848747599, -0.0218462633984678, -0.12048327768199, -0.0901689536290826, 0.0165449859823051, 0.143668260317711, -0.0316190865238329, 0.761469836854624, -0.0825618922727326, 0.310481885145489, 0.224350867258224, 
Avoid Rule:  0.510723259863717, 1, 0.527032484534926, 1, 0.543341709206136, 1, 0.559650933877345, 1, 0.575960158548555, 1, 0.592269383219764, 1, 0.608578607890974, 1, 0.624887832562183, 1, 0.641197057233392, 1, 0.657506281904602, 1, 0.673815506575811, 1, 0.690124731247021, 1, 0.70643395591823, 1, 0.72274318058944, 1, 0.739052405260649, 1, 0.755361629931859, 1, 0.771670854603068, 1, 0.787980079274277, 1, 0.804289303945487, 1, 0.820598528616696, 1, 0.836907753287906, 1, 0.853216977959115, 1, 0.869526202630325, 1, 0.885835427301534, 1, 0.902144651972743, 1, 0.918453876643953, 1, 0.934763101315162, 1, 0.951072325986372, 1, 0.967381550657581, 1, 0.983690775328791, 1, 1, 0.893440982298377, 0.404164242162094, 0.893440982298377, 0.404164242162094, 0.893440982298377, 0.404164242162094, 0.893440982298377, 0.404164242162094, 0.893440982298377, 0.404164242162094, 0.893440982298377, 0.404164242162094, 0.893440982298377, 0.404164242162094, 0.893440982298377, 0.404164242162094, 0.893440982298377, 0.404164242162094, 0.893440982298377, 0.404164242162094, 0.893440982298377, 0.404164242162094, 0.893440982298377, 0.404164242162094, 0.893440982298377, 0.404164242162094, 0.893440982298377, 0.404164242162094, 0.893440982298377, 0.404164242162094, 0.893440982298377, 0.404164242162094, 0.893440982298377, 0.404164242162094, 0.893440982298377, 0.404164242162094, 0.893440982298377, 0.404164242162094, 0.893440982298377, 0.404164242162094, 0.893440982298377, 0.404164242162094, 0.893440982298377, 0.404164242162094, 0.893440982298377, 0.404164242162094, 0.893440982298377, 0.404164242162094, 0.893440982298377, 0.404164242162094, 0.893440982298377, 0.404164242162094, 0.893440982298377, 0.404164242162094, 0.893440982298377, 0.404164242162094, 0.893440982298377, 0.404164242162094, 0.893440982298377, 0.404164242162094, 0.893440982298377, 
Goal Rule:  0.798533848438472, 0.331093647686164, 0.798533848438472, 0.331093647686164, 0.532559799247692, 1, 1, 0.532559799247692, 

--My Old Weights--
Behavior Neural Net:  -0.384381768225257, -0.701097412212271, -0.353883870868173, -0.655718586957736, -0.424333781110789, -0.743584813939543, -0.133543101194354, -0.0222454765652209, -0.821109000364508, -0.558756128391291, 0.477924680961244, 0.480839854185509, 0.187771428469505, -0.177383279137248, 0.543494475720765, -0.879759237203357, -1, -0.216912361896259, 0.0316552748944128, -0.841149916508105, -0.320775695784378, -0.281644204058919, -0.540175368595944, -0.268898375363944, -0.579443514984781, -0.373222125131662, -0.176145848747599, -0.0218462633984678, -0.12048327768199, -0.0901689536290826, 0.0165449859823051, 0.143668260317711, -0.0316190865238329, 0.761469836854624, -0.0825618922727326, 0.310481885145489, 0.224350867258224, 
Avoid Rule:  0.510723259863717, 1, 0.527032484534926, 1, 0.543341709206136, 1, 0.559650933877345, 1, 0.575960158548555, 1, 0.592269383219764, 1, 0.608578607890974, 1, 0.624887832562183, 1, 0.641197057233392, 1, 0.657506281904602, 1, 0.673815506575811, 1, 0.690124731247021, 1, 0.70643395591823, 1, 0.72274318058944, 1, 0.739052405260649, 1, 0.755361629931859, 1, 0.771670854603068, 1, 0.787980079274277, 1, 0.804289303945487, 1, 0.820598528616696, 1, 0.836907753287906, 1, 0.853216977959115, 1, 0.869526202630325, 1, 0.885835427301534, 1, 0.902144651972743, 1, 0.918453876643953, 1, 0.934763101315162, 1, 0.951072325986372, 1, 0.967381550657581, 1, 0.983690775328791, 1, 1, 0.893440982298377, 0.404164242162094, 0.893440982298377, 0.404164242162094, 0.893440982298377, 0.404164242162094, 0.893440982298377, 0.404164242162094, 0.893440982298377, 0.404164242162094, 0.893440982298377, 0.404164242162094, 0.893440982298377, 0.404164242162094, 0.893440982298377, 0.404164242162094, 0.893440982298377, 0.404164242162094, 0.893440982298377, 0.404164242162094, 0.893440982298377, 0.404164242162094, 0.893440982298377, 0.404164242162094, 0.893440982298377, 0.404164242162094, 0.893440982298377, 0.404164242162094, 0.893440982298377, 0.404164242162094, 0.893440982298377, 0.404164242162094, 0.893440982298377, 0.404164242162094, 0.893440982298377, 0.404164242162094, 0.893440982298377, 0.404164242162094, 0.893440982298377, 0.404164242162094, 0.893440982298377, 0.404164242162094, 0.893440982298377, 0.404164242162094, 0.893440982298377, 0.404164242162094, 0.893440982298377, 0.404164242162094, 0.893440982298377, 0.404164242162094, 0.893440982298377, 0.404164242162094, 0.893440982298377, 0.404164242162094, 0.893440982298377, 0.404164242162094, 0.893440982298377, 0.404164242162094, 0.893440982298377, 0.404164242162094, 0.893440982298377, 
Goal Rule:  0.798533848438472, 0.331093647686164, 0.798533848438472, 0.331093647686164, 0.532559799247692, 1, 1, 0.532559799247692, 

--My New Weights--
Behavior Neural Net:  -0.384381768225257, -0.701097412212271, -0.353883870868173, -0.655718586957736, -0.424333781110789, -0.743584813939543, -0.133543101194354, -0.0222454765652209, -0.821109000364508, -0.558756128391291, 0.477924680961244, 0.480839854185509, 0.187771428469505, -0.177383279137248, 0.543494475720765, -0.879759237203357, -1, -0.216912361896259, 0.0316552748944128, -0.841149916508105, -0.320775695784378, -0.281644204058919, -0.540175368595944, -0.268898375363944, -0.579443514984781, -0.373222125131662, -0.176145848747599, -0.0218462633984678, -0.12048327768199, -0.0901689536290826, 0.0165449859823051, 0.143668260317711, -0.0316190865238329, 0.761469836854624, -0.0825618922727326, 0.310481885145489, 0.224350867258224, 
Avoid Rule:  0.510723259863717, 1, 0.527032484534926, 1, 0.543341709206136, 1, 0.559650933877345, 1, 0.575960158548555, 1, 0.592269383219764, 1, 0.608578607890974, 1, 0.624887832562183, 1, 0.641197057233392, 1, 0.657506281904602, 1, 0.673815506575811, 1, 0.690124731247021, 1, 0.70643395591823, 1, 0.72274318058944, 1, 0.739052405260649, 1, 0.755361629931859, 1, 0.771670854603068, 1, 0.787980079274277, 1, 0.804289303945487, 1, 0.820598528616696, 1, 0.836907753287906, 1, 0.853216977959115, 1, 0.869526202630325, 1, 0.885835427301534, 1, 0.902144651972743, 1, 0.918453876643953, 1, 0.934763101315162, 1, 0.951072325986372, 1, 0.967381550657581, 1, 0.983690775328791, 1, 1, 0.893440982298377, 0.404164242162094, 0.893440982298377, 0.404164242162094, 0.893440982298377, 0.404164242162094, 0.893440982298377, 0.404164242162094, 0.893440982298377, 0.404164242162094, 0.893440982298377, 0.404164242162094, 0.893440982298377, 0.404164242162094, 0.893440982298377, 0.404164242162094, 0.893440982298377, 0.404164242162094, 0.893440982298377, 0.404164242162094, 0.893440982298377, 0.404164242162094, 0.893440982298377, 0.404164242162094, 0.893440982298377, 0.404164242162094, 0.893440982298377, 0.404164242162094, 0.893440982298377, 0.404164242162094, 0.893440982298377, 0.404164242162094, 0.893440982298377, 0.404164242162094, 0.893440982298377, 0.404164242162094, 0.893440982298377, 0.404164242162094, 0.893440982298377, 0.404164242162094, 0.893440982298377, 0.404164242162094, 0.893440982298377, 0.404164242162094, 0.893440982298377, 0.404164242162094, 0.893440982298377, 0.404164242162094, 0.893440982298377, 0.404164242162094, 0.893440982298377, 0.404164242162094, 0.893440982298377, 0.404164242162094, 0.893440982298377, 0.404164242162094, 0.893440982298377, 0.404164242162094, 0.893440982298377, 0.404164242162094, 0.893440982298377, 
Goal Rule:  0.798533848438472, 0.331093647686164, 0.798533848438472, 0.331093647686164, 0.532559799247692, 1, 1, 0.532559799247692, 

--My Old Weights--
Behavior Neural Net:  -0.384381768225257, -0.701097412212271, -0.353883870868173, -0.655718586957736, -0.424333781110789, -0.743584813939543, -0.133543101194354, -0.0222454765652209, -0.821109000364508, -0.558756128391291, 0.477924680961244, 0.480839854185509, 0.187771428469505, -0.177383279137248, 0.543494475720765, -0.879759237203357, -1, -0.216912361896259, 0.0316552748944128, -0.841149916508105, -0.320775695784378, -0.281644204058919, -0.540175368595944, -0.268898375363944, -0.579443514984781, -0.373222125131662, -0.176145848747599, -0.0218462633984678, -0.12048327768199, -0.0901689536290826, 0.0165449859823051, 0.143668260317711, -0.0316190865238329, 0.761469836854624, -0.0825618922727326, 0.310481885145489, 0.224350867258224, 
Avoid Rule:  0.510723259863717, 1, 0.527032484534926, 1, 0.543341709206136, 1, 0.559650933877345, 1, 0.575960158548555, 1, 0.592269383219764, 1, 0.608578607890974, 1, 0.624887832562183, 1, 0.641197057233392, 1, 0.657506281904602, 1, 0.673815506575811, 1, 0.690124731247021, 1, 0.70643395591823, 1, 0.72274318058944, 1, 0.739052405260649, 1, 0.755361629931859, 1, 0.771670854603068, 1, 0.787980079274277, 1, 0.804289303945487, 1, 0.820598528616696, 1, 0.836907753287906, 1, 0.853216977959115, 1, 0.869526202630325, 1, 0.885835427301534, 1, 0.902144651972743, 1, 0.918453876643953, 1, 0.934763101315162, 1, 0.951072325986372, 1, 0.967381550657581, 1, 0.983690775328791, 1, 1, 0.893440982298377, 0.404164242162094, 0.893440982298377, 0.404164242162094, 0.893440982298377, 0.404164242162094, 0.893440982298377, 0.404164242162094, 0.893440982298377, 0.404164242162094, 0.893440982298377, 0.404164242162094, 0.893440982298377, 0.404164242162094, 0.893440982298377, 0.404164242162094, 0.893440982298377, 0.404164242162094, 0.893440982298377, 0.404164242162094, 0.893440982298377, 0.404164242162094, 0.893440982298377, 0.404164242162094, 0.893440982298377, 0.404164242162094, 0.893440982298377, 0.404164242162094, 0.893440982298377, 0.404164242162094, 0.893440982298377, 0.404164242162094, 0.893440982298377, 0.404164242162094, 0.893440982298377, 0.404164242162094, 0.893440982298377, 0.404164242162094, 0.893440982298377, 0.404164242162094, 0.893440982298377, 0.404164242162094, 0.893440982298377, 0.404164242162094, 0.893440982298377, 0.404164242162094, 0.893440982298377, 0.404164242162094, 0.893440982298377, 0.404164242162094, 0.893440982298377, 0.404164242162094, 0.893440982298377, 0.404164242162094, 0.893440982298377, 0.404164242162094, 0.893440982298377, 0.404164242162094, 0.893440982298377, 0.404164242162094, 0.893440982298377, 
Goal Rule:  0.798533848438472, 0.331093647686164, 0.798533848438472, 0.331093647686164, 0.532559799247692, 1, 1, 0.532559799247692, 

--My New Weights--
Behavior Neural Net:  -0.384381768225257, -0.701097412212271, -0.353883870868173, -0.655718586957736, -0.424333781110789, -0.743584813939543, -0.133543101194354, -0.0222454765652209, -0.821109000364508, -0.558756128391291, 0.477924680961244, 0.480839854185509, 0.187771428469505, -0.177383279137248, 0.543494475720765, -0.879759237203357, -1, -0.216912361896259, 0.0316552748944128, -0.841149916508105, -0.320775695784378, -0.281644204058919, -0.540175368595944, -0.268898375363944, -0.579443514984781, -0.373222125131662, -0.176145848747599, -0.0218462633984678, -0.12048327768199, -0.0901689536290826, 0.0165449859823051, 0.143668260317711, -0.0316190865238329, 0.761469836854624, -0.0825618922727326, 0.310481885145489, 0.224350867258224, 
Avoid Rule:  0.510723259863717, 1, 0.527032484534926, 1, 0.543341709206136, 1, 0.559650933877345, 1, 0.575960158548555, 1, 0.592269383219764, 1, 0.608578607890974, 1, 0.624887832562183, 1, 0.641197057233392, 1, 0.657506281904602, 1, 0.673815506575811, 1, 0.690124731247021, 1, 0.70643395591823, 1, 0.72274318058944, 1, 0.739052405260649, 1, 0.755361629931859, 1, 0.771670854603068, 1, 0.787980079274277, 1, 0.804289303945487, 1, 0.820598528616696, 1, 0.836907753287906, 1, 0.853216977959115, 1, 0.869526202630325, 1, 0.885835427301534, 1, 0.902144651972743, 1, 0.918453876643953, 1, 0.934763101315162, 1, 0.951072325986372, 1, 0.967381550657581, 1, 0.983690775328791, 1, 1, 0.893440982298377, 0.404164242162094, 0.893440982298377, 0.404164242162094, 0.893440982298377, 0.404164242162094, 0.893440982298377, 0.404164242162094, 0.893440982298377, 0.404164242162094, 0.893440982298377, 0.404164242162094, 0.893440982298377, 0.404164242162094, 0.893440982298377, 0.404164242162094, 0.893440982298377, 0.404164242162094, 0.893440982298377, 0.404164242162094, 0.893440982298377, 0.404164242162094, 0.893440982298377, 0.404164242162094, 0.893440982298377, 0.404164242162094, 0.893440982298377, 0.404164242162094, 0.893440982298377, 0.404164242162094, 0.893440982298377, 0.404164242162094, 0.893440982298377, 0.404164242162094, 0.893440982298377, 0.404164242162094, 0.893440982298377, 0.404164242162094, 0.893440982298377, 0.404164242162094, 0.893440982298377, 0.404164242162094, 0.893440982298377, 0.404164242162094, 0.893440982298377, 0.404164242162094, 0.893440982298377, 0.404164242162094, 0.893440982298377, 0.404164242162094, 0.893440982298377, 0.404164242162094, 0.893440982298377, 0.404164242162094, 0.893440982298377, 0.404164242162094, 0.893440982298377, 0.404164242162094, 0.893440982298377, 0.404164242162094, 0.893440982298377, 
Goal Rule:  0.798533848438472, 0.331093647686164, 0.798533848438472, 0.331093647686164, 0.532559799247692, 1, 1, 0.532559799247692, 

--My Old Weights--
Behavior Neural Net:  -0.384381768225257, -0.701097412212271, -0.353883870868173, -0.655718586957736, -0.424333781110789, -0.743584813939543, -0.133543101194354, -0.0222454765652209, -0.821109000364508, -0.558756128391291, 0.477924680961244, 0.480839854185509, 0.187771428469505, -0.177383279137248, 0.543494475720765, -0.879759237203357, -1, -0.216912361896259, 0.0316552748944128, -0.841149916508105, -0.320775695784378, -0.281644204058919, -0.540175368595944, -0.268898375363944, -0.579443514984781, -0.373222125131662, -0.176145848747599, -0.0218462633984678, -0.12048327768199, -0.0901689536290826, 0.0165449859823051, 0.143668260317711, -0.0316190865238329, 0.761469836854624, -0.0825618922727326, 0.310481885145489, 0.224350867258224, 
Avoid Rule:  0.510723259863717, 1, 0.527032484534926, 1, 0.543341709206136, 1, 0.559650933877345, 1, 0.575960158548555, 1, 0.592269383219764, 1, 0.608578607890974, 1, 0.624887832562183, 1, 0.641197057233392, 1, 0.657506281904602, 1, 0.673815506575811, 1, 0.690124731247021, 1, 0.70643395591823, 1, 0.72274318058944, 1, 0.739052405260649, 1, 0.755361629931859, 1, 0.771670854603068, 1, 0.787980079274277, 1, 0.804289303945487, 1, 0.820598528616696, 1, 0.836907753287906, 1, 0.853216977959115, 1, 0.869526202630325, 1, 0.885835427301534, 1, 0.902144651972743, 1, 0.918453876643953, 1, 0.934763101315162, 1, 0.951072325986372, 1, 0.967381550657581, 1, 0.983690775328791, 1, 1, 0.893440982298377, 0.404164242162094, 0.893440982298377, 0.404164242162094, 0.893440982298377, 0.404164242162094, 0.893440982298377, 0.404164242162094, 0.893440982298377, 0.404164242162094, 0.893440982298377, 0.404164242162094, 0.893440982298377, 0.404164242162094, 0.893440982298377, 0.404164242162094, 0.893440982298377, 0.404164242162094, 0.893440982298377, 0.404164242162094, 0.893440982298377, 0.404164242162094, 0.893440982298377, 0.404164242162094, 0.893440982298377, 0.404164242162094, 0.893440982298377, 0.404164242162094, 0.893440982298377, 0.404164242162094, 0.893440982298377, 0.404164242162094, 0.893440982298377, 0.404164242162094, 0.893440982298377, 0.404164242162094, 0.893440982298377, 0.404164242162094, 0.893440982298377, 0.404164242162094, 0.893440982298377, 0.404164242162094, 0.893440982298377, 0.404164242162094, 0.893440982298377, 0.404164242162094, 0.893440982298377, 0.404164242162094, 0.893440982298377, 0.404164242162094, 0.893440982298377, 0.404164242162094, 0.893440982298377, 0.404164242162094, 0.893440982298377, 0.404164242162094, 0.893440982298377, 0.404164242162094, 0.893440982298377, 0.404164242162094, 0.893440982298377, 
Goal Rule:  0.798533848438472, 0.331093647686164, 0.798533848438472, 0.331093647686164, 0.532559799247692, 1, 1, 0.532559799247692, 

--My New Weights--
Behavior Neural Net:  -0.384381768225257, -0.701097412212271, -0.353883870868173, -0.655718586957736, -0.424333781110789, -0.743584813939543, -0.133543101194354, -0.0222454765652209, -0.821109000364508, -0.558756128391291, 0.477924680961244, 0.480839854185509, 0.187771428469505, -0.177383279137248, 0.543494475720765, -0.879759237203357, -1, -0.216912361896259, 0.0316552748944128, -0.841149916508105, -0.320775695784378, -0.281644204058919, -0.540175368595944, -0.268898375363944, -0.579443514984781, -0.373222125131662, -0.176145848747599, -0.0218462633984678, -0.12048327768199, -0.0901689536290826, 0.0165449859823051, 0.143668260317711, -0.0316190865238329, 0.761469836854624, -0.0825618922727326, 0.310481885145489, 0.224350867258224, 
Avoid Rule:  0.510723259863717, 1, 0.527032484534926, 1, 0.543341709206136, 1, 0.559650933877345, 1, 0.575960158548555, 1, 0.592269383219764, 1, 0.608578607890974, 1, 0.624887832562183, 1, 0.641197057233392, 1, 0.657506281904602, 1, 0.673815506575811, 1, 0.690124731247021, 1, 0.70643395591823, 1, 0.72274318058944, 1, 0.739052405260649, 1, 0.755361629931859, 1, 0.771670854603068, 1, 0.787980079274277, 1, 0.804289303945487, 1, 0.820598528616696, 1, 0.836907753287906, 1, 0.853216977959115, 1, 0.869526202630325, 1, 0.885835427301534, 1, 0.902144651972743, 1, 0.918453876643953, 1, 0.934763101315162, 1, 0.951072325986372, 1, 0.967381550657581, 1, 0.983690775328791, 1, 1, 0.893440982298377, 0.404164242162094, 0.893440982298377, 0.404164242162094, 0.893440982298377, 0.404164242162094, 0.893440982298377, 0.404164242162094, 0.893440982298377, 0.404164242162094, 0.893440982298377, 0.404164242162094, 0.893440982298377, 0.404164242162094, 0.893440982298377, 0.404164242162094, 0.893440982298377, 0.404164242162094, 0.893440982298377, 0.404164242162094, 0.893440982298377, 0.404164242162094, 0.893440982298377, 0.404164242162094, 0.893440982298377, 0.404164242162094, 0.893440982298377, 0.404164242162094, 0.893440982298377, 0.404164242162094, 0.893440982298377, 0.404164242162094, 0.893440982298377, 0.404164242162094, 0.893440982298377, 0.404164242162094, 0.893440982298377, 0.404164242162094, 0.893440982298377, 0.404164242162094, 0.893440982298377, 0.404164242162094, 0.893440982298377, 0.404164242162094, 0.893440982298377, 0.404164242162094, 0.893440982298377, 0.404164242162094, 0.893440982298377, 0.404164242162094, 0.893440982298377, 0.404164242162094, 0.893440982298377, 0.404164242162094, 0.893440982298377, 0.404164242162094, 0.893440982298377, 0.404164242162094, 0.893440982298377, 0.404164242162094, 0.893440982298377, 
Goal Rule:  0.798533848438472, 0.331093647686164, 0.798533848438472, 0.331093647686164, 0.532559799247692, 1, 1, 0.532559799247692, 

